2017-03-14 14:05:00.410 stock 50etf, 价格:2351, 总笔数:42 逐笔量：24800,9000,10000,4000,200,31000,4000,10000,10000,5000,8000,100,10600,300000,600,5000,10000,184300,10000,100000,50000,2000,8000,600,500000,300000,10000,2000,400,200,300,20000,7200,4200,500,500,3000,20000,1800,10000,100000,200000,
2017-03-14 14:05:00.410 stock 50etf, 价格:2352, 总笔数:6 逐笔量：131800,100000,20000,1500,500,50000,
2017-03-14 14:05:01.414 stock 50etf, 价格:2351, 总笔数:41 逐笔量：24800,9000,10000,4000,200,31000,4000,10000,10000,5000,8000,100,10600,300000,600,5000,10000,184300,10000,100000,50000,2000,8000,600,500000,300000,10000,2000,400,200,300,20000,7200,4200,500,500,20000,1800,10000,100000,200000,
2017-03-14 14:05:01.414 stock 50etf, 价格:2352, 总笔数:6 逐笔量：131800,100000,20000,1500,500,50000,
2017-03-14 14:05:04.766 stock 50etf, 价格:2351, 总笔数:41 逐笔量：24800,9000,10000,4000,200,31000,4000,10000,10000,5000,8000,100,10600,300000,600,5000,10000,184300,10000,100000,50000,2000,8000,600,500000,300000,10000,2000,400,200,300,20000,7200,4200,500,500,20000,1800,10000,100000,200000,
2017-03-14 14:05:04.766 stock 50etf, 价格:2352, 总笔数:6 逐笔量：131800,100000,20000,1500,500,50000,
2017-03-14 14:05:07.003 stock 50etf, 价格:2351, 总笔数:41 逐笔量：22300,9000,10000,4000,200,31000,4000,10000,10000,5000,8000,100,10600,300000,600,5000,10000,184300,10000,100000,50000,2000,8000,600,500000,300000,10000,2000,400,200,300,20000,7200,4200,500,500,20000,1800,10000,100000,200000,
2017-03-14 14:05:07.003 stock 50etf, 价格:2352, 总笔数:6 逐笔量：131800,100000,20000,1500,500,50000,
2017-03-14 14:05:13.222 stock 50etf, 价格:2351, 总笔数:41 逐笔量：22300,9000,10000,4000,200,31000,4000,10000,10000,5000,8000,100,10600,300000,600,5000,10000,184300,10000,100000,50000,2000,8000,600,500000,300000,10000,2000,400,200,300,20000,7200,4200,500,500,20000,1800,10000,100000,200000,
2017-03-14 14:05:13.222 stock 50etf, 价格:2352, 总笔数:6 逐笔量：131800,100000,20000,1500,500,50000,
2017-03-14 14:05:16.251 stock 50etf, 价格:2351, 总笔数:42 逐笔量：22300,9000,10000,4000,200,31000,4000,10000,10000,5000,8000,100,10600,300000,600,5000,10000,184300,10000,100000,50000,2000,8000,600,500000,300000,10000,2000,400,200,300,20000,7200,4200,500,500,20000,1800,10000,100000,200000,50000,
2017-03-14 14:05:16.251 stock 50etf, 价格:2352, 总笔数:6 逐笔量：131800,100000,20000,1500,500,50000,
2017-03-14 14:05:28.044 stock 50etf, 价格:2351, 总笔数:42 逐笔量：22300,9000,10000,4000,200,31000,4000,10000,10000,5000,8000,100,10600,300000,600,5000,10000,184300,10000,100000,50000,2000,8000,600,500000,300000,10000,2000,400,200,300,20000,7200,4200,500,500,20000,1800,10000,100000,200000,50000,
2017-03-14 14:05:28.044 stock 50etf, 价格:2352, 总笔数:6 逐笔量：131800,100000,20000,1500,500,50000,
