2017-03-14 14:04:36.212 stock 锦州港, 价格:434, 总笔数:27 逐笔量：211,2300,500,6100,10000,600,1600,100,100,8800,100,100,4700,100,1000,200,200,500,2000,2500,500,1000,6000,114400,2000,500,2300,
2017-03-14 14:04:36.214 stock 锦州港, 价格:435, 总笔数:18 逐笔量：6285,200,3000,5000,500,8000,500,1100,17500,200,1000,200,200,500,200,200,15000,3000,
2017-03-14 14:04:49.336 stock 锦州港, 价格:434, 总笔数:27 逐笔量：211,2300,500,6100,10000,600,1600,100,100,8800,100,100,4700,100,1000,200,200,500,2000,2500,500,1000,6000,114400,2000,500,2300,
2017-03-14 14:04:49.337 stock 锦州港, 价格:435, 总笔数:18 逐笔量：4185,200,3000,5000,500,8000,500,1100,17500,200,1000,200,200,500,200,200,15000,3000,
2017-03-14 14:04:55.182 stock 锦州港, 价格:434, 总笔数:27 逐笔量：211,2300,500,6100,10000,600,1600,100,100,8800,100,100,4700,100,1000,200,200,500,2000,2500,500,1000,6000,114400,2000,500,2300,
2017-03-14 14:04:55.182 stock 锦州港, 价格:435, 总笔数:19 逐笔量：4185,200,3000,5000,500,8000,500,1100,17500,200,1000,200,200,500,200,200,15000,3000,200,
2017-03-14 14:04:57.320 stock 锦州港, 价格:434, 总笔数:27 逐笔量：211,2300,500,6100,10000,600,1600,100,100,8800,100,100,4700,100,1000,200,200,500,2000,2500,500,1000,6000,114400,2000,500,2300,
2017-03-14 14:04:57.320 stock 锦州港, 价格:435, 总笔数:19 逐笔量：4085,200,3000,5000,500,8000,500,1100,17500,200,1000,200,200,500,200,200,15000,3000,200,
2017-03-14 14:04:59.132 stock 锦州港, 价格:434, 总笔数:26 逐笔量：511,500,6100,10000,600,1600,100,100,8800,100,100,4700,100,1000,200,200,500,2000,2500,500,1000,6000,114400,2000,500,2300,
2017-03-14 14:04:59.132 stock 锦州港, 价格:435, 总笔数:19 逐笔量：4085,200,3000,5000,500,8000,500,1100,17500,200,1000,200,200,500,200,200,15000,3000,200,
