2017-03-14 14:04:36.431 stock 通威股份, 价格:639, 总笔数:33 逐笔量：395,3200,200,800,10000,2000,1000,1000,5000,5000,500,500,400,5000,200,1000,200,2000,1000,500,600,2000,100,1000,1000,3200,100,180000,100,1000,100,2000,1100,
2017-03-14 14:04:36.431 stock 通威股份, 价格:640, 总笔数:1 逐笔量：500,
2017-03-14 14:04:49.344 stock 通威股份, 价格:639, 总笔数:32 逐笔量：1195,200,800,10000,2000,1000,1000,5000,5000,500,500,400,5000,200,1000,200,2000,1000,500,600,2000,100,1000,1000,3200,100,180000,100,1000,100,2000,1100,
2017-03-14 14:04:49.344 stock 通威股份, 价格:640, 总笔数:2 逐笔量：500,2300,
2017-03-14 14:04:53.276 stock 通威股份, 价格:639, 总笔数:33 逐笔量：1195,200,800,10000,2000,1000,1000,5000,5000,500,500,400,5000,200,1000,200,2000,1000,500,600,2000,100,1000,1000,3200,100,180000,100,1000,100,2000,1100,300,
2017-03-14 14:04:53.277 stock 通威股份, 价格:640, 总笔数:2 逐笔量：500,2300,
2017-03-14 14:04:55.207 stock 通威股份, 价格:639, 总笔数:33 逐笔量：295,10000,2000,1000,1000,5000,5000,500,500,400,5000,200,1000,200,2000,1000,500,600,2000,100,1000,1000,3200,100,180000,100,1000,100,2000,1100,300,100,500,
2017-03-14 14:04:55.207 stock 通威股份, 价格:640, 总笔数:2 逐笔量：500,2300,
2017-03-14 14:04:57.354 stock 通威股份, 价格:639, 总笔数:33 逐笔量：5695,2000,1000,1000,5000,5000,500,500,400,5000,200,1000,200,2000,1000,500,600,2000,100,1000,1000,3200,100,180000,100,1000,100,2000,1100,300,100,500,1000,
2017-03-14 14:04:57.354 stock 通威股份, 价格:640, 总笔数:2 逐笔量：200,2300,
2017-03-14 14:04:59.163 stock 通威股份, 价格:639, 总笔数:33 逐笔量：5695,2000,1000,1000,5000,5000,500,500,400,5000,200,1000,200,2000,1000,500,600,2000,100,1000,1000,3200,100,180000,100,1000,100,2000,1100,300,100,500,1000,
2017-03-14 14:04:59.163 stock 通威股份, 价格:640, 总笔数:5 逐笔量：200,2300,17300,5300,3000,
