2017-03-14 14:04:36.245 stock 江苏阳光, 价格:428, 总笔数:5 逐笔量：96,1000,4900,100,100,
2017-03-14 14:04:36.246 stock 江苏阳光, 价格:429, 总笔数:31 逐笔量：8300,200,14900,20000,1700,100,100,5000,3000,300,2400,100,30000,1000,1500,100,7900,1500,200,1200,100,100,100,3400,5000,100,500,5900,20000,20000,1000,
2017-03-14 14:04:49.338 stock 江苏阳光, 价格:428, 总笔数:4 逐笔量：896,4900,100,100,
2017-03-14 14:04:49.338 stock 江苏阳光, 价格:429, 总笔数:31 逐笔量：8300,200,14900,20000,1700,100,100,5000,3000,300,2400,100,30000,1000,1500,100,7900,1500,200,1200,100,100,100,3400,5000,100,500,5900,20000,20000,1000,
2017-03-14 14:04:51.659 stock 江苏阳光, 价格:428, 总笔数:3 逐笔量：3096,100,100,
2017-03-14 14:04:51.659 stock 江苏阳光, 价格:429, 总笔数:32 逐笔量：8300,200,14900,20000,1700,100,100,5000,3000,300,2400,100,30000,1000,1500,100,7900,1500,200,1200,100,100,100,3400,5000,100,500,5900,20000,20000,1000,100,
2017-03-14 14:04:53.269 stock 江苏阳光, 价格:428, 总笔数:2 逐笔量：100,100,
2017-03-14 14:04:53.269 stock 江苏阳光, 价格:429, 总笔数:32 逐笔量：8300,200,14900,20000,1700,100,100,5000,3000,300,2400,100,30000,1000,1500,100,7900,1500,200,1200,100,100,100,3400,5000,100,500,5900,20000,20000,1000,100,
2017-03-14 14:04:55.200 stock 江苏阳光, 价格:427, 总笔数:50 逐笔量：291927,1800,500,2500,800,1000,2000,5000,2000,1500,2500,2400,5000,500,500,400,1000,500,1400,2600,2000,4900,300,1400,19000,7000,2400,400,1000,4100,300,24000,3000,1000,32100,500,20000,1700,700,2000,100,1000,600,800,8000,10000,3000,10000,300,1000,
2017-03-14 14:04:55.200 stock 江苏阳光, 价格:428, 总笔数:1 逐笔量：7100,
2017-03-14 14:04:57.337 stock 江苏阳光, 价格:428, 总笔数:1 逐笔量：2300,
2017-03-14 14:04:57.337 stock 江苏阳光, 价格:429, 总笔数:33 逐笔量：8300,200,14900,20000,1700,100,100,5000,3000,300,2400,100,30000,1000,1500,100,7900,1500,200,1200,100,100,100,3400,5000,100,5900,20000,20000,1000,100,100,10000,
2017-03-14 14:04:59.133 stock 江苏阳光, 价格:428, 总笔数:1 逐笔量：2300,
2017-03-14 14:04:59.133 stock 江苏阳光, 价格:429, 总笔数:31 逐笔量：10000,20000,1700,100,100,5000,3000,300,2400,100,30000,1000,1500,100,7900,1500,200,1200,100,100,100,3400,5000,100,5900,20000,20000,1000,100,100,10000,
