2017-03-14 14:04:36.462 stock 驰宏锌锗, 价格:752, 总笔数:50 逐笔量：10700,2000,500,29800,400,1200,10000,1300,10300,2100,1000,2800,500,700,1000,1000,500,10000,6200,900,100,1700,1000,100,1000,1200,1000,100,300,2000,1400,600,5000,1000,1000,2000,3900,3300,300,1000,700,1000,5000,3200,1900,5000,800,100,1200,1500,
2017-03-14 14:04:36.462 stock 驰宏锌锗, 价格:753, 总笔数:6 逐笔量：3100,2000,3000,5000,600,5000,
2017-03-14 14:04:49.347 stock 驰宏锌锗, 价格:752, 总笔数:50 逐笔量：10700,2000,500,29800,400,1200,10000,1300,10300,2100,1000,2800,500,700,1000,1000,500,10000,6200,900,100,1700,1000,100,1000,1200,1000,100,300,2000,1400,600,5000,1000,1000,2000,3900,3300,300,1000,700,1000,5000,3200,1900,5000,800,100,1200,1500,
2017-03-14 14:04:49.347 stock 驰宏锌锗, 价格:753, 总笔数:6 逐笔量：3000,2000,3000,5000,600,5000,
2017-03-14 14:04:51.699 stock 驰宏锌锗, 价格:752, 总笔数:50 逐笔量：9800,2000,500,29800,400,1200,10000,1300,10300,2100,1000,2800,500,700,1000,1000,500,10000,6200,900,100,1700,1000,100,1000,1200,1000,100,300,2000,1400,600,5000,1000,1000,2000,3900,3300,300,1000,700,1000,5000,3200,1900,5000,800,100,1200,1500,
2017-03-14 14:04:51.699 stock 驰宏锌锗, 价格:753, 总笔数:7 逐笔量：3000,2000,3000,5000,600,5000,1600,
2017-03-14 14:04:53.293 stock 驰宏锌锗, 价格:752, 总笔数:50 逐笔量：9800,2000,500,29800,400,1200,10000,1300,10300,2100,1000,2800,500,700,1000,1000,500,10000,6200,900,100,1700,1000,100,1000,1200,1000,100,300,2000,1400,600,5000,1000,1000,2000,3900,3300,300,1000,700,1000,5000,3200,1900,5000,800,100,1200,1500,
2017-03-14 14:04:53.293 stock 驰宏锌锗, 价格:753, 总笔数:7 逐笔量：2000,2000,3000,5000,600,5000,1600,
2017-03-14 14:04:55.211 stock 驰宏锌锗, 价格:752, 总笔数:50 逐笔量：9800,2000,500,29800,400,1200,10000,1300,10300,2100,1000,2800,500,700,1000,1000,500,10000,6200,900,100,1700,1000,100,1000,1200,1000,100,300,2000,1400,600,5000,1000,1000,2000,3900,3300,300,1000,700,1000,5000,3200,1900,5000,800,100,1200,1500,
2017-03-14 14:04:55.211 stock 驰宏锌锗, 价格:753, 总笔数:7 逐笔量：1700,2000,3000,5000,600,5000,1600,
2017-03-14 14:04:57.358 stock 驰宏锌锗, 价格:752, 总笔数:50 逐笔量：9700,2000,500,29800,400,1200,10000,1300,10300,2100,1000,2800,500,700,1000,1000,500,10000,6200,900,100,1700,1000,100,1000,1200,1000,100,300,2000,1400,600,5000,1000,1000,2000,3900,3300,300,1000,700,1000,5000,3200,1900,5000,800,100,1200,1500,
2017-03-14 14:04:57.358 stock 驰宏锌锗, 价格:753, 总笔数:8 逐笔量：1700,2000,3000,5000,600,5000,1600,200,
2017-03-14 14:04:59.166 stock 驰宏锌锗, 价格:752, 总笔数:50 逐笔量：3700,2000,500,29800,400,1200,10000,1300,10300,2100,1000,2800,500,700,1000,1000,500,10000,6200,900,100,1700,1000,100,1000,1200,1000,100,300,2000,1400,600,5000,1000,1000,2000,3900,3300,300,1000,700,1000,5000,1900,5000,800,100,1200,1500,1000,
2017-03-14 14:04:59.166 stock 驰宏锌锗, 价格:753, 总笔数:9 逐笔量：1700,2000,3000,5000,600,5000,1600,200,19600,
