2017-03-14 14:04:36.084 stock 亚盛集团, 价格:540, 总笔数:50 逐笔量：113700,500,2000,600,500,300,1000,5000,100,15000,5100,1000,3100,10000,3400,1000,2000,500,2000,3000,1000,100,600,1900,200,1300,500,200,1000,200,1400,5000,1000,1000,1000,30000,5000,2400,500,3000,50000,200,500,50000,10000,1000,3800,50000,300,2000,
2017-03-14 14:04:36.084 stock 亚盛集团, 价格:541, 总笔数:15 逐笔量：5300,500,2000,200,400,4000,200,5000,1000,2000,11100,3000,200,40000,300,
2017-03-14 14:04:49.226 stock 亚盛集团, 价格:540, 总笔数:50 逐笔量：113700,500,2000,600,500,300,1000,5000,100,15000,5100,1000,3100,10000,3400,1000,2000,500,2000,3000,1000,100,600,1900,200,1300,500,200,1000,200,1400,5000,1000,1000,1000,30000,5000,2400,500,3000,50000,200,500,50000,10000,1000,3800,50000,300,2000,
2017-03-14 14:04:49.226 stock 亚盛集团, 价格:541, 总笔数:16 逐笔量：5300,500,2000,200,400,4000,200,5000,1000,2000,11100,3000,200,40000,300,100,
2017-03-14 14:04:53.332 stock 亚盛集团, 价格:540, 总笔数:50 逐笔量：113700,500,2000,600,500,300,1000,5000,100,15000,5100,1000,3100,10000,3400,1000,2000,500,2000,3000,1000,100,600,1900,200,1300,500,200,1000,200,1400,5000,1000,1000,1000,30000,5000,2400,500,3000,50000,200,500,50000,10000,1000,3800,50000,300,2000,
2017-03-14 14:04:53.332 stock 亚盛集团, 价格:541, 总笔数:17 逐笔量：5300,500,2000,200,400,4000,200,5000,1000,2000,11100,3000,200,40000,300,100,2900,
2017-03-14 14:04:55.251 stock 亚盛集团, 价格:540, 总笔数:50 逐笔量：113700,500,2000,600,500,300,1000,5000,100,15000,5100,1000,3100,10000,3400,1000,2000,500,2000,3000,1000,100,600,1900,200,1300,500,200,1000,200,1400,5000,1000,1000,1000,30000,5000,2400,500,3000,50000,200,500,50000,10000,1000,3800,50000,300,2000,
2017-03-14 14:04:55.251 stock 亚盛集团, 价格:541, 总笔数:18 逐笔量：5300,500,2000,200,400,4000,200,5000,1000,2000,11100,3000,200,40000,300,100,2900,200,
2017-03-14 14:04:57.397 stock 亚盛集团, 价格:540, 总笔数:50 逐笔量：113700,500,2000,600,500,300,1000,5000,100,15000,5100,1000,3100,10000,3400,1000,2000,500,2000,3000,1000,100,600,1900,200,1300,500,200,1000,200,1400,5000,1000,1000,1000,30000,5000,2400,500,3000,50000,200,500,50000,10000,1000,3800,50000,300,2000,
2017-03-14 14:04:57.397 stock 亚盛集团, 价格:541, 总笔数:19 逐笔量：3700,500,2000,200,400,4000,200,5000,1000,2000,11100,3000,200,40000,300,100,2900,200,2000,
2017-03-14 14:04:59.343 stock 亚盛集团, 价格:540, 总笔数:50 逐笔量：113700,500,2000,600,500,300,1000,5000,100,15000,5100,1000,3100,10000,3400,1000,2000,500,2000,3000,1000,100,600,1900,200,1300,500,200,1000,200,1400,5000,1000,1000,1000,30000,5000,2400,500,3000,50000,200,500,50000,10000,1000,3800,50000,300,2000,
2017-03-14 14:04:59.343 stock 亚盛集团, 价格:541, 总笔数:19 逐笔量：3700,500,2000,200,400,4000,200,5000,1000,2000,11100,3000,200,40000,300,100,2900,200,2000,
