2017-03-14 14:04:36.196 stock 莲花健康, 价格:494, 总笔数:50 逐笔量：999,47000,300,1000,500,200,53900,4500,2000,2000,500,200,1200,500,1000,200,1000,1000,500,1000,2000,3200,1000,10000,1000,6400,100,300,1000,2700,1000,3000,300,100,300,1300,5900,1000,400,1600,100,13500,1000,3000,3000,1000,4600,600,1000,4000,
2017-03-14 14:04:36.199 stock 莲花健康, 价格:495, 总笔数:22 逐笔量：6257,12000,2600,100,3000,4000,1000,16000,25000,300,6000,2000,300,10000,2500,300,2000,25000,300,4200,8000,2500,
2017-03-14 14:04:49.386 stock 莲花健康, 价格:494, 总笔数:50 逐笔量：32599,300,1000,500,200,53900,4500,2000,2000,500,200,1200,500,1000,200,1000,1000,500,1000,2000,3200,1000,10000,1000,6400,100,300,1000,2700,1000,3000,300,100,300,1300,5900,1000,400,1600,100,13500,1000,3000,3000,1000,4600,600,1000,4000,10000,
2017-03-14 14:04:49.387 stock 莲花健康, 价格:495, 总笔数:24 逐笔量：6257,12000,2600,100,3000,4000,1000,16000,25000,300,6000,2000,300,10000,2500,300,2000,25000,300,4200,8000,2500,100,100,
2017-03-14 14:04:53.421 stock 莲花健康, 价格:494, 总笔数:50 逐笔量：32599,300,1000,500,200,53900,4500,2000,2000,500,200,1200,500,1000,200,1000,1000,500,1000,2000,3200,1000,10000,1000,6400,100,300,1000,2700,1000,3000,300,100,300,1300,5900,1000,400,1600,100,13500,1000,3000,3000,1000,4600,600,1000,4000,10000,
2017-03-14 14:04:53.421 stock 莲花健康, 价格:495, 总笔数:24 逐笔量：6257,12000,2600,100,3000,4000,1000,16000,25000,300,6000,2000,300,10000,2500,300,2000,25000,300,4200,8000,2500,100,100,
2017-03-14 14:04:55.446 stock 莲花健康, 价格:494, 总笔数:50 逐笔量：32599,300,1000,500,200,53900,4500,2000,2000,500,200,1200,500,1000,200,1000,1000,500,1000,2000,3200,1000,10000,1000,6400,100,300,1000,2700,1000,3000,300,100,300,1300,5900,1000,400,1600,100,13500,1000,3000,3000,1000,4600,600,1000,4000,10000,
2017-03-14 14:04:55.447 stock 莲花健康, 价格:495, 总笔数:25 逐笔量：6257,12000,2600,100,3000,4000,1000,16000,25000,300,6000,2000,300,10000,2500,300,2000,25000,300,4200,8000,2500,100,100,300,
2017-03-14 14:04:57.240 stock 莲花健康, 价格:494, 总笔数:50 逐笔量：32599,300,1000,500,200,53900,4500,2000,2000,500,200,1200,500,1000,200,1000,1000,500,1000,2000,3200,1000,10000,1000,6400,100,300,1000,2700,1000,3000,300,100,300,1300,5900,1000,400,1600,100,13500,1000,3000,3000,1000,4600,600,1000,4000,10000,
2017-03-14 14:04:57.240 stock 莲花健康, 价格:495, 总笔数:25 逐笔量：6257,12000,2600,100,3000,4000,1000,16000,25000,300,6000,2000,300,10000,2500,300,2000,25000,300,4200,8000,2500,100,100,300,
2017-03-14 14:04:59.208 stock 莲花健康, 价格:494, 总笔数:50 逐笔量：32599,300,1000,500,200,53900,4500,2000,2000,500,200,1200,500,1000,200,1000,1000,500,1000,2000,3200,1000,10000,1000,6400,100,300,1000,2700,1000,3000,300,100,300,1300,5900,1000,400,1600,100,13500,1000,3000,3000,1000,4600,600,1000,4000,10000,
2017-03-14 14:04:59.208 stock 莲花健康, 价格:495, 总笔数:25 逐笔量：4257,12000,2600,100,3000,4000,1000,16000,25000,300,6000,2000,300,10000,2500,300,2000,25000,300,4200,8000,2500,100,100,300,
