2017-03-14 14:04:36.518 stock 精达股份, 价格:709, 总笔数:50 逐笔量：500,1000,100,2300,1000,1000,20000,2000,2000,500,7000,1400,300,2600,500,6300,400,5000,1700,200,10000,1000,1100,2500,2000,12100,1900,1800,500,100,1500,1000,6500,10000,400,3000,1000,500,1600,2000,40300,500,1000,600,20000,1000,500,2000,1000,1200,
2017-03-14 14:04:36.518 stock 精达股份, 价格:710, 总笔数:22 逐笔量：600,1400,125000,200,600,600,5300,12900,600,10000,1000,8400,10000,10000,5300,4000,500,1600,400,2000,5000,42100,
2017-03-14 14:04:49.363 stock 精达股份, 价格:709, 总笔数:50 逐笔量：10500,2000,2000,500,7000,1400,300,2600,500,6300,400,5000,1700,200,10000,1000,1100,2500,2000,12100,1900,1800,500,100,1500,1000,6500,10000,400,3000,1000,500,1600,2000,40300,500,1000,600,20000,1000,500,2000,1000,1200,1000,100,500,500,5000,1200,
2017-03-14 14:04:49.363 stock 精达股份, 价格:710, 总笔数:24 逐笔量：124200,200,600,600,5300,12900,600,10000,1000,8400,10000,10000,5300,4000,500,1600,400,2000,5000,42100,100,200,3000,500,
2017-03-14 14:04:51.705 stock 精达股份, 价格:709, 总笔数:50 逐笔量：2700,2000,2000,500,7000,1400,300,2600,500,6300,400,5000,1700,200,10000,1100,2500,2000,12100,1900,1800,500,100,1500,1000,6500,10000,400,3000,1000,500,1600,2000,40300,500,1000,600,20000,1000,500,2000,1000,1200,1000,100,500,500,5000,1200,200,
2017-03-14 14:04:51.705 stock 精达股份, 价格:710, 总笔数:26 逐笔量：122900,200,600,600,5300,12900,600,10000,1000,8400,10000,10000,5300,4000,500,1600,400,2000,5000,42100,100,200,3000,500,2000,4900,
2017-03-14 14:04:53.298 stock 精达股份, 价格:709, 总笔数:50 逐笔量：2700,2000,2000,500,7000,1400,300,2600,500,6300,400,5000,1700,200,10000,1100,2500,2000,12100,1900,1800,500,100,1500,1000,6500,10000,400,3000,1000,500,1600,2000,40300,500,1000,600,20000,1000,500,2000,1000,1200,1000,100,500,500,5000,1200,200,
2017-03-14 14:04:53.298 stock 精达股份, 价格:710, 总笔数:28 逐笔量：119100,200,600,600,5300,12900,600,10000,1000,8400,10000,10000,5300,4000,500,1600,400,2000,5000,42100,100,200,3000,500,2000,4900,4000,3000,
2017-03-14 14:04:55.214 stock 精达股份, 价格:709, 总笔数:50 逐笔量：2100,2000,12100,1900,1800,500,100,1500,1000,6500,10000,400,3000,1000,500,1600,2000,40300,500,1000,600,20000,1000,500,2000,1000,1200,1000,100,500,500,5000,1200,200,1000,1200,900,500,3500,1000,1000,3000,900,500,10700,1000,100,4800,100,2700,
2017-03-14 14:04:55.214 stock 精达股份, 价格:710, 总笔数:30 逐笔量：118300,200,600,600,5300,12900,600,10000,1000,8400,10000,10000,5300,4000,500,1600,400,2000,5000,42100,100,200,3000,500,2000,4900,4000,3000,200,7400,
2017-03-14 14:04:57.362 stock 精达股份, 价格:709, 总笔数:23 逐笔量：1100,900,500,3500,1000,1000,3000,900,500,10700,1000,100,4800,100,2700,1000,1000,300,1000,200,1100,500,3000,
2017-03-14 14:04:57.362 stock 精达股份, 价格:710, 总笔数:31 逐笔量：115300,200,600,600,5300,12900,600,10000,1000,8400,10000,10000,5300,4000,500,1600,400,2000,5000,42100,100,200,3000,500,2000,4900,4000,3000,200,7400,300,
2017-03-14 14:04:59.169 stock 精达股份, 价格:709, 总笔数:18 逐笔量：2700,900,500,10700,1000,100,4800,100,2700,1000,1000,300,1000,200,1100,500,3000,15200,
2017-03-14 14:04:59.169 stock 精达股份, 价格:710, 总笔数:32 逐笔量：114900,200,600,600,5300,12900,600,10000,1000,8400,10000,10000,5300,4000,500,1600,400,2000,5000,42100,100,200,3000,500,2000,4900,4000,3000,200,7400,300,3400,
