2017-03-14 14:04:36.267 stock 两面针, 价格:1104, 总笔数:46 逐笔量：21700,3100,1000,1900,2000,500,200,6800,2000,2600,1000,10000,500,1000,500,10000,5000,1200,2000,1000,300,10000,500,1000,1200,300,800,2000,500,1000,100,400,2500,1000,700,2000,1700,200,3000,5000,1000,500,300,1400,6000,1600,
2017-03-14 14:04:36.267 stock 两面针, 价格:1105, 总笔数:1 逐笔量：70500,
2017-03-14 14:04:49.577 stock 两面针, 价格:1104, 总笔数:46 逐笔量：21700,3100,1000,1900,2000,500,200,6800,2000,2600,1000,10000,500,1000,500,10000,5000,1200,2000,1000,300,10000,500,1000,1200,300,800,2000,500,1000,100,400,2500,1000,700,2000,1700,200,3000,5000,1000,500,300,1400,6000,1600,
2017-03-14 14:04:49.577 stock 两面针, 价格:1105, 总笔数:1 逐笔量：69000,
2017-03-14 14:04:51.574 stock 两面针, 价格:1104, 总笔数:47 逐笔量：21700,3100,1000,1900,2000,500,200,6800,2000,2600,1000,10000,500,1000,500,10000,5000,1200,2000,1000,300,10000,500,1000,1200,300,800,2000,500,1000,100,400,2500,1000,700,2000,1700,200,3000,5000,1000,500,300,1400,6000,1600,1000,
2017-03-14 14:04:51.574 stock 两面针, 价格:1105, 总笔数:1 逐笔量：68400,
2017-03-14 14:04:53.517 stock 两面针, 价格:1104, 总笔数:47 逐笔量：21700,3100,1000,1900,2000,500,200,6800,2000,2600,1000,10000,500,1000,500,10000,5000,1200,2000,1000,300,10000,500,1000,1200,300,800,2000,500,1000,100,400,2500,1000,700,2000,1700,200,3000,5000,1000,500,300,1400,6000,1600,1000,
2017-03-14 14:04:53.517 stock 两面针, 价格:1105, 总笔数:1 逐笔量：67800,
2017-03-14 14:04:55.654 stock 两面针, 价格:1104, 总笔数:47 逐笔量：21700,3100,1000,1900,2000,500,200,6800,2000,2600,1000,10000,500,1000,500,10000,5000,1200,2000,1000,300,10000,500,1000,1200,300,800,2000,500,1000,100,400,2500,1000,700,2000,1700,200,3000,5000,1000,500,300,1400,6000,1600,1000,
2017-03-14 14:04:55.654 stock 两面针, 价格:1105, 总笔数:1 逐笔量：67800,
2017-03-14 14:04:56.964 stock 两面针, 价格:1104, 总笔数:47 逐笔量：21700,3100,1000,1900,2000,200,6800,2000,2600,1000,10000,500,1000,500,10000,5000,1200,2000,1000,300,10000,500,1000,1200,300,800,2000,500,1000,100,400,2500,1000,700,2000,1700,200,3000,5000,1000,500,300,1400,6000,1600,1000,2000,
2017-03-14 14:04:56.964 stock 两面针, 价格:1105, 总笔数:1 逐笔量：67800,
2017-03-14 14:04:59.058 stock 两面针, 价格:1104, 总笔数:47 逐笔量：11700,3100,1000,1900,2000,200,6800,2000,2600,1000,10000,500,1000,500,10000,5000,1200,2000,1000,300,10000,500,1000,1200,300,800,2000,500,1000,100,400,2500,1000,700,2000,1700,200,3000,5000,1000,500,300,1400,6000,1600,1000,2000,
2017-03-14 14:04:59.058 stock 两面针, 价格:1105, 总笔数:1 逐笔量：67800,
