2017-03-14 14:04:36.175 stock 美都能源, 价格:489, 总笔数:50 逐笔量：70300,2500,500,200,300,10000,2000,1000,1000,5000,2500,3000,1100,36000,100,500,200,100,200,1000,2100,100000,2000,1400,5000,1000,6000,4000,1000,1100,1000,2000,3000,1000,1500,500,1600,1000,500,2000,1900,1300,1000,2000,400,10000,1000,3000,2400,1100,
2017-03-14 14:04:36.177 stock 美都能源, 价格:490, 总笔数:5 逐笔量：188679,10000,307529,1300,38500,
2017-03-14 14:04:49.334 stock 美都能源, 价格:489, 总笔数:50 逐笔量：70300,2500,500,200,300,10000,2000,1000,1000,5000,2500,3000,1100,36000,100,500,200,100,200,1000,2100,100000,2000,1400,5000,1000,6000,4000,1000,1100,1000,2000,3000,1000,1500,500,1600,1000,500,2000,1900,1300,1000,2000,400,10000,1000,3000,2400,1100,
2017-03-14 14:04:49.334 stock 美都能源, 价格:490, 总笔数:5 逐笔量：188679,10000,307529,1300,38500,
2017-03-14 14:04:51.655 stock 美都能源, 价格:489, 总笔数:50 逐笔量：70200,2500,500,200,300,10000,2000,1000,1000,5000,2500,3000,1100,36000,100,500,200,100,200,1000,2100,100000,2000,1400,5000,1000,6000,4000,1000,1100,1000,2000,3000,1000,1500,500,1600,1000,500,2000,1900,1300,1000,2000,400,10000,1000,3000,2400,200,
2017-03-14 14:04:51.655 stock 美都能源, 价格:490, 总笔数:5 逐笔量：188679,10000,307529,1300,38500,
2017-03-14 14:04:53.266 stock 美都能源, 价格:489, 总笔数:50 逐笔量：70200,2500,500,200,300,10000,2000,1000,1000,5000,2500,3000,1100,36000,100,500,200,100,200,1000,2100,100000,2000,1400,5000,1000,6000,4000,1000,1100,1000,2000,3000,1000,1500,500,1600,1000,500,2000,1900,1300,1000,2000,400,10000,1000,3000,2400,200,
2017-03-14 14:04:53.266 stock 美都能源, 价格:490, 总笔数:6 逐笔量：188679,10000,307529,1300,38500,4500,
2017-03-14 14:04:55.180 stock 美都能源, 价格:489, 总笔数:50 逐笔量：70200,2500,500,200,300,10000,2000,1000,1000,5000,2500,3000,1100,36000,100,500,200,100,200,1000,2100,100000,2000,1400,5000,1000,6000,4000,1000,1100,1000,2000,3000,1000,1500,500,1600,1000,500,2000,1900,1300,1000,2000,400,10000,1000,3000,2400,200,
2017-03-14 14:04:55.180 stock 美都能源, 价格:490, 总笔数:7 逐笔量：188679,10000,307529,1300,38500,4500,300,
2017-03-14 14:04:57.319 stock 美都能源, 价格:489, 总笔数:50 逐笔量：70200,2500,500,200,300,10000,2000,1000,1000,5000,2500,3000,1100,36000,100,500,200,100,200,1000,2100,100000,2000,1400,5000,1000,6000,4000,1000,1100,1000,2000,3000,1000,1500,500,1600,1000,500,2000,1900,1300,1000,2000,400,10000,1000,3000,2400,200,
2017-03-14 14:04:57.319 stock 美都能源, 价格:490, 总笔数:7 逐笔量：186479,10000,307529,1300,38500,4500,300,
2017-03-14 14:04:59.130 stock 美都能源, 价格:489, 总笔数:50 逐笔量：70200,2500,500,200,300,10000,2000,1000,1000,5000,2500,3000,1100,36000,100,500,200,100,200,1000,2100,100000,2000,1400,5000,1000,6000,4000,1000,1100,1000,2000,3000,1000,1500,500,1600,1000,500,2000,1900,1300,1000,2000,400,10000,1000,3000,2400,200,
2017-03-14 14:04:59.130 stock 美都能源, 价格:490, 总笔数:7 逐笔量：186479,10000,307529,1300,38500,4500,300,
