2017-03-14 14:04:36.291 stock 重庆港九, 价格:756, 总笔数:50 逐笔量：3000,300,500,1000,500,2500,200,1000,400,1000,1000,5000,30000,2000,600,3000,200,500,3000,1200,1200,1000,400,1000,2100,29000,2000,1000,900,1000,1000,500,1000,500,1000,10000,2000,100,200,300,100,200,200,1000,500,400,1300,400,500,4300,
2017-03-14 14:04:36.291 stock 重庆港九, 价格:757, 总笔数:1 逐笔量：11200,
2017-03-14 14:04:49.578 stock 重庆港九, 价格:756, 总笔数:50 逐笔量：3000,300,500,1000,500,2500,200,1000,400,1000,1000,5000,30000,2000,600,3000,200,500,3000,1200,1200,1000,400,1000,2100,29000,2000,1000,900,1000,1000,500,1000,500,1000,10000,2000,100,200,300,100,200,200,1000,500,400,1300,400,500,4300,
2017-03-14 14:04:49.578 stock 重庆港九, 价格:757, 总笔数:3 逐笔量：9700,800,3400,
2017-03-14 14:04:51.576 stock 重庆港九, 价格:756, 总笔数:50 逐笔量：3000,300,500,1000,500,2500,200,1000,400,1000,1000,5000,30000,2000,600,3000,200,500,3000,1200,1200,1000,400,1000,2100,29000,2000,1000,900,1000,1000,500,1000,500,1000,10000,2000,100,200,300,100,200,200,1000,500,400,1300,400,500,4300,
2017-03-14 14:04:51.576 stock 重庆港九, 价格:757, 总笔数:3 逐笔量：9700,800,3400,
2017-03-14 14:04:53.520 stock 重庆港九, 价格:756, 总笔数:50 逐笔量：3000,300,500,1000,500,2500,200,1000,400,1000,1000,5000,30000,2000,600,3000,200,500,3000,1200,1200,1000,400,1000,2100,29000,2000,1000,900,1000,1000,500,1000,500,1000,10000,2000,100,200,300,100,200,200,1000,500,400,1300,400,500,4300,
2017-03-14 14:04:53.521 stock 重庆港九, 价格:757, 总笔数:3 逐笔量：7700,800,3400,
2017-03-14 14:04:55.659 stock 重庆港九, 价格:756, 总笔数:50 逐笔量：3000,300,500,1000,500,2500,200,1000,400,1000,1000,5000,30000,2000,600,3000,200,500,3000,1200,1200,1000,400,1000,2100,29000,2000,1000,900,1000,1000,500,1000,500,1000,10000,2000,100,200,300,100,200,200,1000,500,400,1300,400,500,4300,
2017-03-14 14:04:55.659 stock 重庆港九, 价格:757, 总笔数:3 逐笔量：7700,800,3400,
2017-03-14 14:04:56.967 stock 重庆港九, 价格:756, 总笔数:50 逐笔量：3000,300,500,1000,500,2500,200,400,1000,1000,5000,30000,2000,600,3000,200,500,3000,1200,1200,1000,400,1000,2100,29000,2000,1000,900,1000,1000,500,1000,500,1000,10000,2000,100,200,300,100,200,200,500,400,1300,400,500,4300,700,600,
2017-03-14 14:04:56.967 stock 重庆港九, 价格:757, 总笔数:4 逐笔量：7700,800,3400,10000,
2017-03-14 14:04:59.061 stock 重庆港九, 价格:756, 总笔数:50 逐笔量：3000,300,500,1000,500,2500,200,400,1000,1000,5000,30000,2000,600,3000,200,500,3000,1200,1200,1000,400,1000,2100,29000,2000,1000,900,1000,1000,500,1000,500,1000,10000,2000,100,200,300,100,200,200,500,400,1300,400,500,4300,700,600,
2017-03-14 14:04:59.061 stock 重庆港九, 价格:757, 总笔数:4 逐笔量：7700,800,3400,10000,
