2017-03-14 14:04:36.016 stock 浙能电力, 价格:569, 总笔数:50 逐笔量：9300,22000,3000,10300,4000,2600,3000,100,15000,400,2000,5000,26500,28200,5000,400,100,2700,200,400,63300,2000,100,5000,1000,1000,400,10000,200,2000,38000,5000,500,5000,2100,200,1800,300,100,500,3600,1800,500,600,1000,4600,1000,6400,600,500,
2017-03-14 14:04:36.017 stock 浙能电力, 价格:570, 总笔数:8 逐笔量：5100,10000,50000,66600,12000,1000,2000,8500,
2017-03-14 14:04:49.533 stock 浙能电力, 价格:569, 总笔数:50 逐笔量：9300,22000,3000,10300,4000,2600,3000,100,15000,400,2000,5000,26500,28200,5000,400,100,2700,200,400,63300,2000,100,5000,1000,1000,400,10000,200,2000,38000,5000,500,5000,2100,200,1800,300,100,500,3600,1800,500,600,1000,4600,1000,6400,600,500,
2017-03-14 14:04:49.533 stock 浙能电力, 价格:570, 总笔数:8 逐笔量：5100,10000,50000,66600,12000,1000,2000,8500,
2017-03-14 14:04:51.371 stock 浙能电力, 价格:569, 总笔数:50 逐笔量：9300,22000,3000,10300,4000,2600,3000,100,15000,400,2000,5000,26500,28200,5000,400,100,2700,200,400,63300,2000,100,5000,1000,1000,400,10000,200,2000,38000,5000,500,5000,2100,200,1800,300,100,500,3600,1800,500,600,1000,4600,1000,6400,600,500,
2017-03-14 14:04:51.371 stock 浙能电力, 价格:570, 总笔数:8 逐笔量：5100,10000,50000,66600,12000,1000,2000,8500,
2017-03-14 14:04:53.480 stock 浙能电力, 价格:569, 总笔数:50 逐笔量：1300,3000,10300,4000,2600,3000,100,15000,400,2000,5000,26500,28200,5000,400,100,2700,200,400,63300,2000,100,5000,1000,1000,400,10000,200,2000,38000,5000,500,5000,2100,200,1800,300,100,500,3600,1800,500,600,1000,4600,1000,6400,600,500,100,
2017-03-14 14:04:53.481 stock 浙能电力, 价格:570, 总笔数:8 逐笔量：5100,10000,50000,66600,12000,1000,2000,8500,
2017-03-14 14:04:55.573 stock 浙能电力, 价格:569, 总笔数:50 逐笔量：1300,3000,10300,4000,2600,3000,100,15000,400,2000,5000,26500,28200,5000,400,100,2700,200,400,63300,2000,100,5000,1000,1000,400,10000,200,2000,38000,5000,500,5000,2100,200,1800,300,100,500,3600,1800,500,600,1000,4600,1000,6400,600,500,100,
2017-03-14 14:04:55.573 stock 浙能电力, 价格:570, 总笔数:10 逐笔量：5100,10000,50000,66600,12000,1000,2000,8500,2900,200,
2017-03-14 14:04:56.952 stock 浙能电力, 价格:569, 总笔数:50 逐笔量：1300,3000,10300,4000,2600,3000,100,15000,400,2000,5000,26500,28200,5000,400,100,2700,200,400,63300,2000,100,5000,1000,1000,400,10000,200,2000,38000,5000,500,5000,2100,200,1800,300,100,500,3600,1800,500,600,1000,4600,1000,6400,600,500,100,
2017-03-14 14:04:56.952 stock 浙能电力, 价格:570, 总笔数:11 逐笔量：5100,10000,50000,66600,12000,1000,2000,8500,2900,200,3000,
