2017-03-14 14:04:36.314 stock 营口港, 价格:348, 总笔数:50 逐笔量：3800,1000,100,500,2600,2000,1000,5000,500,300,2000,30000,3600,1100,2000,500,15000,200,5200,2100,1000,6000,2000,200,100,500,300,1000,1000,1100,5000,600,300,5000,5000,2000,500,5000,4900,1700,1000,500,1600,2000,1000,5000,2000,1000,1000,700,
2017-03-14 14:04:36.315 stock 营口港, 价格:349, 总笔数:4 逐笔量：65303,5000,100,1000,
2017-03-14 14:04:49.339 stock 营口港, 价格:348, 总笔数:50 逐笔量：3800,1000,100,500,2600,2000,1000,5000,500,300,2000,30000,3600,1100,2000,500,15000,200,5200,2100,1000,6000,2000,200,100,500,300,1000,1000,1100,5000,600,300,5000,5000,2000,500,5000,4900,1700,1000,500,1600,2000,1000,5000,2000,1000,1000,700,
2017-03-14 14:04:49.340 stock 营口港, 价格:349, 总笔数:4 逐笔量：64203,5000,100,1000,
2017-03-14 14:04:51.691 stock 营口港, 价格:348, 总笔数:50 逐笔量：3800,1000,100,500,2600,2000,1000,5000,500,300,2000,30000,3600,1100,2000,500,15000,200,5200,2100,1000,6000,2000,200,100,500,300,1000,1000,1100,5000,600,300,5000,5000,2000,500,5000,4900,1700,1000,500,1600,2000,1000,5000,2000,1000,1000,700,
2017-03-14 14:04:51.692 stock 营口港, 价格:349, 总笔数:4 逐笔量：63203,5000,100,1000,
2017-03-14 14:04:53.271 stock 营口港, 价格:348, 总笔数:50 逐笔量：3800,1000,100,500,2600,2000,1000,5000,500,300,2000,30000,3600,1100,2000,500,15000,200,5200,2100,1000,6000,2000,200,100,500,300,1000,1000,1100,5000,600,300,5000,5000,2000,500,5000,4900,1700,1000,500,1600,2000,1000,5000,2000,1000,1000,700,
2017-03-14 14:04:53.271 stock 营口港, 价格:349, 总笔数:4 逐笔量：63203,5000,100,1000,
2017-03-14 14:04:55.203 stock 营口港, 价格:348, 总笔数:50 逐笔量：3800,1000,100,500,2600,2000,1000,5000,500,300,2000,30000,3600,1100,2000,500,15000,200,5200,2100,1000,6000,2000,200,100,500,300,1000,1000,1100,5000,600,300,5000,5000,2000,500,5000,4900,1700,1000,500,1600,2000,1000,5000,2000,1000,1000,700,
2017-03-14 14:04:55.203 stock 营口港, 价格:349, 总笔数:5 逐笔量：63203,5000,100,1000,400,
2017-03-14 14:04:57.340 stock 营口港, 价格:348, 总笔数:50 逐笔量：3800,1000,100,500,2600,2000,1000,5000,500,300,2000,30000,3600,1100,2000,500,15000,200,5200,2100,1000,6000,2000,200,100,500,300,1000,1000,1100,5000,600,300,5000,5000,2000,500,5000,4900,1700,1000,500,1600,2000,1000,5000,2000,1000,1000,700,
2017-03-14 14:04:57.340 stock 营口港, 价格:349, 总笔数:5 逐笔量：60103,5000,100,1000,400,
2017-03-14 14:04:59.134 stock 营口港, 价格:348, 总笔数:50 逐笔量：3800,1000,100,500,2600,2000,1000,5000,500,300,2000,30000,3600,1100,2000,500,15000,200,5200,2100,1000,6000,2000,200,100,500,300,1000,1000,1100,5000,600,300,5000,5000,2000,500,5000,4900,1700,1000,500,1600,2000,1000,5000,2000,1000,1000,700,
2017-03-14 14:04:59.134 stock 营口港, 价格:349, 总笔数:5 逐笔量：60103,5000,100,1000,400,
