2017-03-14 14:04:36.149 stock 永泰能源, 价格:401, 总笔数:50 逐笔量：800,600,200,600,600,1000,5100,1000,11200,500,6000,7400,3700,2500,2000,900,2600,1400,1000,2400,2000,5000,400,4000,3200,2200,1000,7100,5000,500,15000,1000,3000,2500,1400,23000,7800,1000,1600,10000,10000,2000,12000,600,1000,10000,20000,12300,1700,4000,
2017-03-14 14:04:36.150 stock 永泰能源, 价格:402, 总笔数:41 逐笔量：430900,3000,2000,5000,3000,2500,2000,500,1200,2500,12000,3200,12000,900,138250,16600,10600,600,6000,4000,7800,18800,10000,2000,300,40000,1600,500,300,2000,700,100,3500,300,300,700,1900,1000,1000,7200,3400,
2017-03-14 14:04:49.740 stock 永泰能源, 价格:401, 总笔数:50 逐笔量：800,600,200,600,600,1000,5100,1000,11200,500,6000,7400,3700,2500,2000,900,2600,1400,1000,2400,2000,5000,400,4000,3200,2200,1000,7100,5000,500,15000,1000,3000,2500,1400,23000,7800,1000,1600,10000,10000,2000,12000,600,1000,10000,20000,12300,1700,4000,
2017-03-14 14:04:49.740 stock 永泰能源, 价格:402, 总笔数:40 逐笔量：430900,3000,2000,5000,3000,2500,2000,500,1200,2500,12000,3200,12000,900,138250,16600,10600,600,6000,4000,7800,18800,10000,2000,300,40000,1600,500,300,2000,700,100,3500,300,300,700,1900,1000,7200,3400,
2017-03-14 14:04:49.741 stock 永泰能源, 价格:401, 总笔数:50 逐笔量：800,600,200,600,600,1000,5100,1000,11200,500,6000,7400,3700,2500,2000,900,2600,1400,1000,2400,2000,5000,400,4000,3200,2200,1000,7100,5000,500,15000,1000,3000,2500,1400,23000,7800,1000,1600,10000,10000,2000,12000,600,1000,10000,20000,12300,1700,4000,
2017-03-14 14:04:49.741 stock 永泰能源, 价格:402, 总笔数:40 逐笔量：430900,3000,2000,5000,3000,2500,2000,500,1200,2500,12000,3200,12000,900,138250,16600,10600,600,6000,4000,7800,18800,10000,2000,300,40000,1600,500,300,2000,700,100,3500,300,300,700,1900,1000,7200,3400,
2017-03-14 14:04:52.009 stock 永泰能源, 价格:401, 总笔数:50 逐笔量：800,600,200,600,600,1000,5100,1000,11200,500,6000,7400,3700,2500,2000,900,2600,1400,1000,2400,2000,5000,400,4000,3200,2200,1000,7100,5000,500,15000,1000,3000,2500,1400,23000,7800,1000,1600,10000,10000,2000,12000,600,1000,10000,20000,12300,1700,4000,
2017-03-14 14:04:52.009 stock 永泰能源, 价格:402, 总笔数:40 逐笔量：430900,3000,2000,5000,3000,2500,2000,500,1200,2500,12000,3200,12000,900,138250,16600,10600,600,6000,4000,7800,18800,10000,2000,300,40000,1600,500,300,2000,700,100,3500,300,300,700,1900,1000,7200,3400,
2017-03-14 14:04:55.772 stock 永泰能源, 价格:401, 总笔数:50 逐笔量：800,600,200,600,600,1000,5100,1000,11200,500,6000,7400,3700,2500,2000,900,2600,1400,1000,2400,2000,5000,400,4000,3200,2200,1000,7100,5000,500,15000,1000,3000,2500,1400,23000,7800,1000,1600,10000,10000,2000,12000,600,1000,10000,20000,12300,1700,4000,
2017-03-14 14:04:55.772 stock 永泰能源, 价格:402, 总笔数:41 逐笔量：430900,3000,2000,5000,3000,2500,2000,500,1200,2500,12000,3200,12000,900,138250,16600,10600,600,6000,4000,7800,18800,10000,2000,300,40000,1600,500,300,2000,700,100,3500,300,300,700,1900,1000,7200,3400,300,
2017-03-14 14:04:57.551 stock 永泰能源, 价格:401, 总笔数:50 逐笔量：800,600,200,600,600,1000,5100,1000,11200,500,6000,7400,3700,2500,2000,900,2600,1400,1000,2400,5000,400,4000,3200,2200,1000,7100,5000,500,15000,1000,3000,2500,1400,23000,7800,1000,1600,10000,10000,2000,12000,600,1000,10000,20000,12300,1700,4000,5000,
2017-03-14 14:04:57.551 stock 永泰能源, 价格:402, 总笔数:41 逐笔量：430900,3000,2000,5000,3000,2500,2000,500,1200,2500,12000,3200,12000,900,138250,16600,10600,600,6000,4000,7800,18800,10000,2000,300,40000,1600,500,300,2000,700,100,3500,300,300,700,1900,1000,7200,3400,300,
2017-03-14 14:04:59.422 stock 永泰能源, 价格:401, 总笔数:50 逐笔量：800,600,200,600,600,1000,5100,1000,11200,500,6000,7400,3700,2500,2000,900,2600,1400,1000,2400,5000,400,4000,3200,2200,1000,7100,5000,500,15000,1000,3000,2500,1400,23000,7800,1000,1600,10000,10000,2000,12000,600,1000,10000,20000,12300,1700,4000,5000,
2017-03-14 14:04:59.422 stock 永泰能源, 价格:402, 总笔数:41 逐笔量：430900,3000,2000,5000,3000,2500,2000,500,1200,2500,12000,3200,12000,900,138250,16600,10600,600,6000,4000,7800,18800,10000,2000,300,40000,1600,500,300,2000,700,100,3500,300,300,700,1900,1000,7200,3400,300,
