2017-03-14 14:04:36.340 stock 恒力股份, 价格:916, 总笔数:50 逐笔量：430002,345600,349300,7100,992700,108800,5000,3100,21200,1000,95300,800,2100,4500,1000,21500,13100,3000,202800,2400,600,3200,500,500,300,400,76300,16100,27600,500,5400,7800,2100,17200,1100,5000,7100,1000,1900,1400,1400,1000,200,3400,2200,150000,10000,1000,800,3300,
2017-03-14 14:04:36.340 stock 恒力股份, 价格:0, 总笔数:0 逐笔量：
2017-03-14 14:04:51.304 stock 恒力股份, 价格:916, 总笔数:50 逐笔量：430002,345600,349300,7100,992700,108800,5000,3100,21200,1000,95300,800,2100,4500,1000,21500,13100,3000,202800,2400,600,3200,500,500,300,400,76300,16100,27600,500,5400,7800,2100,17200,1100,5000,7100,1000,1900,1400,1400,1000,200,3400,2200,150000,10000,1000,800,3300,
2017-03-14 14:04:51.305 stock 恒力股份, 价格:0, 总笔数:0 逐笔量：
2017-03-14 14:04:53.447 stock 恒力股份, 价格:916, 总笔数:50 逐笔量：430002,345600,349300,7100,992700,108800,5000,3100,21200,1000,95300,800,2100,4500,1000,21500,13100,3000,202800,2400,600,3200,500,500,300,400,76300,16100,27600,500,5400,7800,2100,17200,1100,5000,7100,1000,1900,1400,1400,1000,200,3400,2200,150000,10000,1000,800,3300,
2017-03-14 14:04:53.448 stock 恒力股份, 价格:0, 总笔数:0 逐笔量：
2017-03-14 14:04:55.458 stock 恒力股份, 价格:916, 总笔数:50 逐笔量：430002,345600,349300,7100,992700,108800,5000,3100,21200,1000,95300,800,2100,4500,1000,21500,13100,3000,202800,2400,600,3200,500,500,300,400,76300,16100,27600,500,5400,7800,2100,17200,1100,5000,7100,1000,1900,1400,1400,1000,200,3400,2200,150000,10000,1000,800,3300,
2017-03-14 14:04:55.458 stock 恒力股份, 价格:0, 总笔数:0 逐笔量：
2017-03-14 14:04:57.256 stock 恒力股份, 价格:916, 总笔数:50 逐笔量：430002,345600,349300,7100,992700,108800,5000,3100,21200,1000,95300,800,2100,4500,1000,21500,13100,3000,202800,2400,600,3200,500,500,300,400,76300,16100,27600,500,5400,7800,2100,17200,1100,5000,7100,1000,1900,1400,1400,1000,200,3400,2200,150000,10000,1000,800,3300,
2017-03-14 14:04:57.256 stock 恒力股份, 价格:0, 总笔数:0 逐笔量：
