2017-03-14 14:04:36.009 stock 东风汽车, 价格:711, 总笔数:50 逐笔量：2000,900,3600,300,200,1000,1000,1000,5000,1000,1300,100,1500,1100,3000,2800,1300,500,100,1000,2300,500,300,3000,1000,500,8000,900,500,900,200,200,400,300,2000,100,1000,700,2000,1000,20000,1000,2000,1200,800,300,3000,1100,17800,600,
2017-03-14 14:04:36.009 stock 东风汽车, 价格:712, 总笔数:5 逐笔量：160400,1000,8000,2000,2300,
2017-03-14 14:04:49.220 stock 东风汽车, 价格:711, 总笔数:50 逐笔量：2000,900,3600,300,200,1000,1000,1000,5000,1000,1300,100,1500,1100,3000,2800,1300,500,100,1000,2300,500,300,3000,1000,500,8000,900,500,900,200,200,400,300,2000,100,1000,700,2000,1000,20000,1000,2000,1200,800,300,3000,1100,17800,600,
2017-03-14 14:04:49.220 stock 东风汽车, 价格:712, 总笔数:5 逐笔量：160400,1000,8000,2000,2300,
2017-03-14 14:04:53.326 stock 东风汽车, 价格:711, 总笔数:50 逐笔量：900,3600,300,200,1000,1000,1000,5000,1000,1300,100,1500,1100,3000,2800,1300,500,100,1000,2300,500,300,3000,1000,500,8000,900,500,900,200,200,400,300,2000,100,1000,700,2000,1000,20000,1000,2000,1200,800,300,3000,1100,17800,600,900,
2017-03-14 14:04:53.326 stock 东风汽车, 价格:712, 总笔数:5 逐笔量：160400,1000,8000,2000,2300,
2017-03-14 14:04:57.393 stock 东风汽车, 价格:711, 总笔数:50 逐笔量：900,3600,300,200,1000,1000,1000,5000,1000,1300,100,1500,1100,3000,2800,1300,500,100,1000,2300,500,300,3000,1000,500,8000,900,500,900,200,200,400,300,2000,100,1000,700,2000,1000,20000,1000,2000,1200,800,300,3000,1100,17800,600,900,
2017-03-14 14:04:57.394 stock 东风汽车, 价格:712, 总笔数:5 逐笔量：155400,1000,8000,2000,2300,
2017-03-14 14:04:59.323 stock 东风汽车, 价格:711, 总笔数:50 逐笔量：800,500,8000,900,500,900,200,200,400,300,2000,100,1000,700,2000,1000,20000,1000,2000,1200,800,300,3000,1100,17800,600,900,2000,10000,500,500,7500,300,2000,5100,2000,1000,900,500,600,3000,700,1000,500,1000,5900,7400,3500,2000,1000,
2017-03-14 14:04:59.324 stock 东风汽车, 价格:712, 总笔数:5 逐笔量：155400,1000,8000,2000,2300,
2017-03-14 14:05:01.237 stock 东风汽车, 价格:711, 总笔数:50 逐笔量：800,500,8000,900,500,900,200,200,400,300,2000,100,1000,700,2000,1000,20000,1000,2000,1200,800,300,3000,1100,17800,600,900,2000,10000,500,500,7500,300,2000,5100,2000,900,500,600,3000,700,1000,500,1000,5900,7400,3500,2000,1000,1000,
2017-03-14 14:05:01.237 stock 东风汽车, 价格:712, 总笔数:5 逐笔量：155400,1000,8000,2000,2300,
2017-03-14 14:05:02.234 stock 东风汽车, 价格:711, 总笔数:50 逐笔量：800,500,8000,900,500,900,200,200,400,300,2000,100,1000,700,2000,1000,20000,1000,2000,1200,800,300,3000,1100,17800,600,900,2000,10000,500,500,7500,300,2000,5100,2000,900,500,600,3000,700,1000,500,1000,5900,7400,3500,2000,1000,1000,
2017-03-14 14:05:02.234 stock 东风汽车, 价格:712, 总笔数:5 逐笔量：153500,1000,8000,2000,2300,
2017-03-14 14:05:03.376 stock 东风汽车, 价格:711, 总笔数:50 逐笔量：6300,900,500,900,200,200,400,300,2000,100,1000,700,2000,1000,20000,1000,2000,1200,800,300,3000,1100,17800,600,900,2000,10000,500,500,7500,2000,5100,2000,900,500,600,3000,700,1000,500,1000,5900,7400,3500,2000,1000,1000,1000,1000,800,
2017-03-14 14:05:03.377 stock 东风汽车, 价格:712, 总笔数:5 逐笔量：153500,1000,8000,2000,2300,
2017-03-14 14:05:04.569 stock 东风汽车, 价格:711, 总笔数:50 逐笔量：1700,100,1000,700,2000,1000,20000,1000,2000,1200,800,300,3000,1100,17800,600,900,2000,10000,500,500,7500,2000,5100,2000,900,500,600,3000,700,1000,500,1000,5900,7400,3500,2000,1000,1000,1000,1000,800,1100,300,500,1000,2000,1000,1000,1400,
2017-03-14 14:05:04.569 stock 东风汽车, 价格:712, 总笔数:6 逐笔量：153500,1000,8000,2000,2300,2700,
2017-03-14 14:05:06.957 stock 东风汽车, 价格:711, 总笔数:50 逐笔量：1700,100,1000,700,2000,1000,20000,1000,2000,1200,800,300,3000,1100,17800,600,900,2000,10000,500,500,7500,2000,5100,2000,900,500,600,3000,700,1000,500,1000,5900,7400,3500,2000,1000,1000,1000,1000,800,1100,300,500,1000,2000,1000,1000,1400,
2017-03-14 14:05:06.958 stock 东风汽车, 价格:712, 总笔数:6 逐笔量：153300,1000,8000,2000,2300,2700,
2017-03-14 14:05:09.775 stock 东风汽车, 价格:710, 总笔数:50 逐笔量：1000,1000,400,2000,500,2000,10000,200,500,1000,2500,1000,2000,1400,300,500,1400,500,1100,300,3000,5000,8000,1000,2000,600,300,1800,1600,300,500,10000,3000,100,100,500,100,1000,800,3000,100,1000,3000,50000,500,1000,200,300,1000,15300,
2017-03-14 14:05:09.775 stock 东风汽车, 价格:711, 总笔数:1 逐笔量：73900,
2017-03-14 14:05:13.065 stock 东风汽车, 价格:710, 总笔数:50 逐笔量：1000,1000,400,2000,500,2000,10000,200,500,1000,2500,1000,2000,1400,300,500,1400,500,1100,300,3000,5000,8000,1000,2000,600,300,1800,1600,300,500,10000,3000,100,100,500,100,1000,800,3000,100,1000,3000,50000,500,1000,200,300,1000,15300,
2017-03-14 14:05:13.065 stock 东风汽车, 价格:711, 总笔数:2 逐笔量：71900,100,
2017-03-14 14:05:16.188 stock 东风汽车, 价格:710, 总笔数:50 逐笔量：1000,1000,400,2000,500,2000,10000,200,500,1000,2500,1000,2000,1400,300,500,1400,500,1100,300,3000,5000,8000,1000,2000,600,300,1800,1600,300,500,10000,3000,100,100,500,100,1000,800,3000,100,1000,3000,50000,500,1000,200,300,1000,15300,
2017-03-14 14:05:16.189 stock 东风汽车, 价格:711, 总笔数:2 逐笔量：71900,100,
2017-03-14 14:05:18.986 stock 东风汽车, 价格:710, 总笔数:50 逐笔量：1000,1000,400,2000,500,2000,10000,200,500,1000,2500,1000,2000,1400,300,500,1400,500,1100,300,3000,5000,8000,1000,2000,600,300,1800,1600,300,500,10000,3000,100,100,500,100,1000,800,3000,100,1000,3000,50000,500,1000,200,300,1000,15300,
2017-03-14 14:05:18.986 stock 东风汽车, 价格:711, 总笔数:2 逐笔量：71900,100,
2017-03-14 14:05:21.870 stock 东风汽车, 价格:710, 总笔数:50 逐笔量：1000,1000,400,2000,500,2000,10000,200,500,1000,2500,1000,2000,1400,300,500,1400,500,1100,300,3000,5000,8000,1000,2000,600,300,1800,1600,300,500,10000,3000,100,100,500,100,1000,800,3000,100,1000,3000,50000,500,1000,200,300,1000,15300,
2017-03-14 14:05:21.870 stock 东风汽车, 价格:711, 总笔数:2 逐笔量：71900,100,
2017-03-14 14:05:25.099 stock 东风汽车, 价格:710, 总笔数:50 逐笔量：1000,1000,400,2000,500,2000,10000,200,500,1000,2500,1000,2000,1400,300,500,1400,500,1100,300,3000,5000,8000,1000,2000,600,300,1800,1600,300,500,10000,3000,100,100,500,100,1000,800,3000,100,1000,3000,50000,500,1000,200,300,1000,15300,
2017-03-14 14:05:25.099 stock 东风汽车, 价格:711, 总笔数:2 逐笔量：69100,100,
2017-03-14 14:05:27.954 stock 东风汽车, 价格:710, 总笔数:50 逐笔量：1000,1000,400,2000,500,2000,10000,200,500,1000,2500,1000,2000,1400,300,500,1400,500,1100,300,3000,5000,8000,1000,2000,600,300,1800,1600,300,500,10000,3000,100,100,500,100,1000,800,3000,100,1000,3000,50000,500,1000,200,300,1000,15300,
2017-03-14 14:05:27.954 stock 东风汽车, 价格:711, 总笔数:3 逐笔量：69100,100,1200,
2017-03-14 14:05:30.853 stock 东风汽车, 价格:710, 总笔数:50 逐笔量：1000,1000,400,2000,500,2000,10000,200,500,1000,2500,1000,2000,1400,300,500,1400,500,1100,300,3000,5000,8000,1000,2000,600,300,1800,1600,300,500,10000,3000,100,100,500,100,1000,800,3000,100,1000,3000,50000,500,1000,200,300,1000,15300,
2017-03-14 14:05:30.853 stock 东风汽车, 价格:711, 总笔数:3 逐笔量：69100,100,1200,
2017-03-14 14:05:37.414 stock 东风汽车, 价格:710, 总笔数:50 逐笔量：1000,1000,400,2000,500,2000,10000,200,500,1000,2500,1000,2000,1400,300,500,1400,500,1100,300,3000,5000,8000,1000,2000,600,300,1800,1600,300,500,10000,3000,100,100,500,100,1000,800,3000,100,1000,3000,50000,500,1000,200,300,1000,15300,
2017-03-14 14:05:37.414 stock 东风汽车, 价格:711, 总笔数:3 逐笔量：69000,100,1200,
2017-03-14 14:05:43.036 stock 东风汽车, 价格:710, 总笔数:50 逐笔量：1000,1000,400,2000,500,2000,10000,200,500,1000,2500,1000,2000,1400,300,500,1400,500,1100,300,3000,5000,8000,1000,2000,600,300,1800,1600,300,500,10000,3000,100,100,500,100,1000,800,3000,100,1000,3000,50000,500,1000,200,300,1000,15300,
2017-03-14 14:05:43.038 stock 东风汽车, 价格:711, 总笔数:3 逐笔量：69000,100,1200,
2017-03-14 14:05:45.889 stock 东风汽车, 价格:710, 总笔数:50 逐笔量：1000,1000,400,2000,500,2000,10000,200,500,1000,2500,1000,2000,1400,300,500,1400,500,1100,300,3000,5000,8000,1000,2000,600,300,1800,1600,300,500,10000,3000,100,100,500,100,1000,800,3000,100,1000,3000,50000,500,1000,200,300,1000,15300,
2017-03-14 14:05:45.889 stock 东风汽车, 价格:711, 总笔数:3 逐笔量：69000,100,1200,
