2017-03-14 14:04:36.167 stock 福田汽车, 价格:333, 总笔数:50 逐笔量：12379,100,900,5000,5000,300,5500,10000,9300,3000,1000,4000,2000,2000,10000,30000,100,1000,2000,20000,500,2000,10000,10000,20000,8800,5000,1000,1000,6000,29700,2000,3000,1000,600,3400,3000,1000,200,300,7000,10000,500,3000,200,300,2000,3000,5000,900,
2017-03-14 14:04:36.167 stock 福田汽车, 价格:334, 总笔数:48 逐笔量：35500,500000,150000,100,30000,4000,2300,6000,12300,4000,1000,5000,10000,200,3600,1000,10000,14500,700,3400,8000,1800,15700,10000,113255,3100,2000,3000,1700,4000,1600,2800,1000,400,2000,4000,100000,500,400,400,13000,400,5000,400,300,800,1000,10000,
2017-03-14 14:04:49.384 stock 福田汽车, 价格:333, 总笔数:50 逐笔量：12379,100,900,5000,5000,300,5500,10000,9300,3000,1000,4000,2000,2000,10000,30000,100,1000,2000,20000,500,2000,10000,10000,20000,8800,5000,1000,1000,6000,29700,2000,3000,1000,600,3400,3000,1000,200,300,7000,10000,500,3000,200,300,2000,3000,5000,900,
2017-03-14 14:04:49.385 stock 福田汽车, 价格:334, 总笔数:48 逐笔量：35500,500000,150000,100,30000,4000,2300,6000,12300,4000,1000,5000,10000,200,3600,1000,10000,14500,700,3400,8000,1800,15700,10000,113255,3100,2000,3000,1700,4000,1600,2800,1000,400,2000,4000,100000,500,400,400,13000,400,5000,400,300,800,1000,10000,
2017-03-14 14:04:51.297 stock 福田汽车, 价格:333, 总笔数:50 逐笔量：11479,100,900,5000,5000,300,5500,10000,9300,3000,1000,4000,2000,2000,10000,30000,100,1000,2000,20000,500,2000,10000,10000,20000,8800,5000,1000,1000,6000,29700,2000,3000,1000,600,3400,3000,1000,200,300,7000,10000,500,3000,200,300,2000,3000,5000,900,
2017-03-14 14:04:51.297 stock 福田汽车, 价格:334, 总笔数:48 逐笔量：35500,500000,150000,100,30000,4000,2300,6000,12300,4000,1000,5000,10000,200,3600,1000,10000,14500,700,3400,8000,1800,15700,10000,113255,3100,2000,3000,1700,4000,1600,2800,1000,400,2000,4000,100000,500,400,400,13000,400,5000,400,300,800,1000,10000,
2017-03-14 14:04:55.445 stock 福田汽车, 价格:333, 总笔数:50 逐笔量：11479,100,900,5000,5000,300,5500,10000,9300,3000,1000,4000,2000,2000,10000,30000,100,1000,2000,20000,500,2000,10000,10000,20000,8800,5000,1000,1000,6000,29700,2000,3000,1000,600,3400,3000,1000,200,300,7000,10000,500,3000,200,300,2000,3000,5000,900,
2017-03-14 14:04:55.445 stock 福田汽车, 价格:334, 总笔数:50 逐笔量：35500,500000,150000,100,30000,4000,2300,6000,12300,4000,1000,5000,10000,200,3600,1000,10000,14500,700,3400,8000,1800,15700,10000,113255,3100,2000,3000,1700,4000,1600,2800,1000,400,2000,4000,100000,500,400,400,13000,400,5000,400,300,800,1000,10000,300,400,
2017-03-14 14:04:59.196 stock 福田汽车, 价格:333, 总笔数:50 逐笔量：11479,100,900,5000,5000,300,5500,10000,9300,3000,1000,4000,2000,2000,10000,30000,100,1000,2000,20000,500,2000,10000,10000,20000,8800,5000,1000,1000,6000,29700,2000,3000,1000,600,3400,3000,1000,200,300,7000,10000,500,3000,200,300,2000,3000,5000,900,
2017-03-14 14:04:59.196 stock 福田汽车, 价格:334, 总笔数:50 逐笔量：35500,500000,150000,100,30000,4000,2300,6000,12300,4000,1000,5000,10000,200,3600,1000,10000,14500,700,3400,8000,1800,15700,10000,113255,3100,2000,3000,1700,4000,1600,2800,1000,400,2000,4000,100000,500,400,400,13000,400,5000,400,300,800,1000,10000,300,400,
