2017-03-14 14:04:36.310 stock 桂东电力, 价格:932, 总笔数:37 逐笔量：991,100,500,200,100,2000,100,700,1000,2800,6000,1000,500,200,4000,200,1000,900,600,100,200,100,300,300,1000,500,300,2000,4000,400,700,2100,100,200,400,500,26000,
2017-03-14 14:04:36.310 stock 桂东电力, 价格:933, 总笔数:19 逐笔量：8200,100,100,100,8300,4000,33400,100,100,1000,800,2000,1000,700,500,10000,9400,2000,100,
2017-03-14 14:04:51.936 stock 桂东电力, 价格:932, 总笔数:37 逐笔量：991,100,500,200,100,2000,100,700,1000,2800,6000,1000,500,200,4000,200,1000,900,600,100,200,100,300,300,1000,500,300,2000,4000,400,700,2100,100,200,400,500,26000,
2017-03-14 14:04:51.937 stock 桂东电力, 价格:933, 总笔数:19 逐笔量：8200,100,100,100,8300,4000,33400,100,100,1000,800,2000,1000,700,500,10000,9400,2000,100,
2017-03-14 14:04:53.356 stock 桂东电力, 价格:932, 总笔数:37 逐笔量：991,100,500,200,100,2000,100,700,1000,2800,6000,1000,500,200,4000,200,1000,900,600,100,200,100,300,300,1000,500,300,2000,4000,400,700,2100,100,200,400,500,26000,
2017-03-14 14:04:53.356 stock 桂东电力, 价格:933, 总笔数:19 逐笔量：8200,100,100,100,8300,4000,33400,100,100,1000,800,2000,1000,700,500,10000,9400,2000,100,
2017-03-14 14:04:55.262 stock 桂东电力, 价格:932, 总笔数:37 逐笔量：991,100,500,200,100,2000,100,700,1000,2800,6000,1000,500,200,4000,200,1000,900,600,100,200,100,300,300,1000,500,300,2000,4000,400,700,2100,100,200,400,500,26000,
2017-03-14 14:04:55.262 stock 桂东电力, 价格:933, 总笔数:17 逐笔量：8200,100,100,8300,4000,33400,100,100,1000,800,2000,1000,500,10000,9400,2000,100,
2017-03-14 14:04:57.427 stock 桂东电力, 价格:932, 总笔数:37 逐笔量：891,100,500,200,100,2000,100,700,1000,2800,6000,1000,500,200,4000,200,1000,900,600,100,200,100,300,300,1000,500,300,2000,4000,400,700,2100,100,200,400,500,26000,
2017-03-14 14:04:57.427 stock 桂东电力, 价格:933, 总笔数:17 逐笔量：8200,100,100,8300,4000,33400,100,100,1000,800,2000,1000,500,10000,9400,2000,100,
2017-03-14 14:04:59.349 stock 桂东电力, 价格:932, 总笔数:37 逐笔量：891,100,500,200,100,2000,100,700,1000,2800,6000,1000,500,200,4000,200,1000,900,600,100,200,100,300,300,1000,500,300,2000,4000,400,700,2100,100,200,400,500,26000,
2017-03-14 14:04:59.349 stock 桂东电力, 价格:933, 总笔数:17 逐笔量：8200,100,100,8300,4000,33400,100,100,1000,800,2000,1000,500,10000,9400,2000,100,
