2017-03-14 14:04:36.484 stock 豫光金铅, 价格:842, 总笔数:50 逐笔量：5700,600,2000,1000,1000,5000,2000,12000,2700,3500,1000,400,500,1000,300,2100,3400,300,600,100,14300,200,6800,7200,1000,1900,1000,1800,1000,2000,1000,200,1000,200,100,200,300,5000,1200,500,200,4400,100,1000,3200,500,2000,1300,1000,700,
2017-03-14 14:04:36.485 stock 豫光金铅, 价格:843, 总笔数:13 逐笔量：27100,2000,4000,29500,600,5000,200,4000,500,1400,5800,100,3000,
2017-03-14 14:04:49.262 stock 豫光金铅, 价格:842, 总笔数:50 逐笔量：5700,600,2000,1000,1000,5000,2000,12000,2700,3500,1000,400,500,1000,300,2100,3400,300,600,100,14300,200,6800,7200,1000,1900,1000,1800,1000,2000,1000,200,1000,200,100,200,300,5000,1200,500,200,4400,100,1000,3200,500,2000,1300,1000,700,
2017-03-14 14:04:49.262 stock 豫光金铅, 价格:843, 总笔数:14 逐笔量：27100,2000,4000,29500,600,5000,200,4000,500,1400,5800,100,3000,800,
2017-03-14 14:04:51.961 stock 豫光金铅, 价格:842, 总笔数:50 逐笔量：5600,600,2000,1000,1000,5000,2000,12000,2700,3500,1000,400,500,1000,300,2100,3400,300,600,100,14300,200,6800,7200,1000,1900,1000,1800,1000,2000,1000,200,1000,200,100,200,300,5000,1200,500,200,4400,100,1000,3200,500,2000,1300,1000,700,
2017-03-14 14:04:51.961 stock 豫光金铅, 价格:843, 总笔数:14 逐笔量：27100,2000,4000,29500,600,5000,200,4000,500,1400,5800,100,3000,800,
2017-03-14 14:04:55.304 stock 豫光金铅, 价格:842, 总笔数:50 逐笔量：5600,600,2000,1000,1000,5000,2000,12000,2700,3500,1000,400,500,1000,300,2100,3400,300,600,100,14300,200,6800,7200,1000,1900,1000,1800,1000,2000,1000,200,1000,200,100,200,300,5000,1200,500,200,4400,100,1000,3200,500,2000,1300,1000,700,
2017-03-14 14:04:55.304 stock 豫光金铅, 价格:843, 总笔数:14 逐笔量：27100,2000,4000,29500,600,5000,200,4000,500,1400,5800,100,3000,800,
2017-03-14 14:04:57.450 stock 豫光金铅, 价格:842, 总笔数:50 逐笔量：5600,600,2000,1000,1000,5000,2000,12000,2700,3500,1000,400,500,1000,300,2100,3400,300,600,100,14300,200,6800,7200,1000,1900,1000,1800,1000,2000,1000,200,1000,200,100,200,300,5000,1200,500,200,4400,100,1000,3200,500,2000,1300,1000,700,
2017-03-14 14:04:57.451 stock 豫光金铅, 价格:843, 总笔数:14 逐笔量：27100,2000,4000,29500,600,5000,200,4000,500,1400,5800,100,3000,800,
2017-03-14 14:04:59.376 stock 豫光金铅, 价格:842, 总笔数:50 逐笔量：5600,600,2000,1000,1000,5000,2000,12000,2700,3500,1000,400,500,1000,300,2100,3400,300,600,100,14300,200,6800,7200,1000,1900,1000,1800,1000,2000,1000,200,1000,200,100,200,300,5000,1200,500,200,4400,100,1000,3200,500,2000,1300,1000,700,
2017-03-14 14:04:59.377 stock 豫光金铅, 价格:843, 总笔数:14 逐笔量：21800,2000,4000,29500,600,5000,200,4000,500,1400,5800,100,3000,800,
