2017-03-14 14:04:36.510 stock 迪马股份, 价格:680, 总笔数:31 逐笔量：146137,1000,500,4800,500,2700,10000,2000,1000,2100,500,1000,15000,4500,1000,1400,200,2000,3000,500,200,500,1400,27800,4800,10000,4300,5000,800,4000,100,
2017-03-14 14:04:36.510 stock 迪马股份, 价格:681, 总笔数:50 逐笔量：2833,2000,2000,1300,200,3000,10000,500,2500,2000,4800,30000,1100,1000,1000,100,11500,200,1000,10000,1000,1000,2000,300,300,1000,5100,2600,1500,6400,4800,200,3000,1000,1000,1000,2000,20000,2700,300,200,3100,4000,1000,1700,5500,3000,3100,1500,200,
2017-03-14 14:04:49.263 stock 迪马股份, 价格:680, 总笔数:31 逐笔量：146137,1000,500,4800,500,2700,10000,2000,1000,2100,500,1000,15000,4500,1000,1400,200,2000,3000,500,200,500,1400,27800,4800,10000,4300,5000,800,4000,100,
2017-03-14 14:04:49.263 stock 迪马股份, 价格:681, 总笔数:50 逐笔量：1933,1300,200,3000,10000,500,2500,2000,4800,30000,1100,1000,1000,100,11500,200,1000,10000,1000,1000,2000,300,300,1000,5100,2600,1500,6400,4800,200,3000,1000,1000,1000,2000,20000,2700,300,200,3100,4000,1000,1700,5500,3000,3100,1500,200,3000,10000,
2017-03-14 14:04:51.962 stock 迪马股份, 价格:679, 总笔数:50 逐笔量：106598,800,1000,7500,5000,300,1000,2000,500,500,200,5800,3000,500,4200,1000,10200,2000,1000,2100,500,600,7600,500,2000,3000,1400,5000,2000,500,300,1000,2000,2000,10000,1000,4200,4200,3100,1600,300,1000,2700,1100,200,500,500,2000,3000,1000,
2017-03-14 14:04:51.962 stock 迪马股份, 价格:680, 总笔数:1 逐笔量：373663,
2017-03-14 14:04:53.371 stock 迪马股份, 价格:679, 总笔数:50 逐笔量：100898,800,1000,7500,5000,300,1000,2000,500,500,200,5800,3000,500,4200,1000,10200,2000,1000,2100,500,600,7600,500,2000,3000,1400,5000,2000,500,300,1000,2000,2000,10000,1000,4200,4200,3100,1600,300,1000,2700,1100,200,500,500,2000,3000,1000,
2017-03-14 14:04:53.371 stock 迪马股份, 价格:680, 总笔数:2 逐笔量：373663,3000,
2017-03-14 14:04:55.304 stock 迪马股份, 价格:679, 总笔数:50 逐笔量：100898,800,1000,7500,5000,300,1000,2000,500,500,200,5800,3000,500,4200,1000,10200,2000,1000,2100,500,600,7600,500,2000,3000,1400,5000,2000,500,300,1000,2000,2000,10000,1000,4200,4200,3100,1600,300,1000,2700,1100,200,500,500,2000,3000,1000,
2017-03-14 14:04:55.304 stock 迪马股份, 价格:680, 总笔数:3 逐笔量：373663,3000,4000,
2017-03-14 14:04:57.451 stock 迪马股份, 价格:679, 总笔数:50 逐笔量：100898,800,1000,7500,5000,300,1000,2000,500,500,200,5800,3000,500,4200,1000,10200,2000,1000,2100,500,600,7600,500,2000,3000,1400,5000,2000,500,300,1000,2000,2000,10000,1000,4200,4200,3100,1600,300,1000,2700,1100,200,500,500,2000,3000,1000,
2017-03-14 14:04:57.452 stock 迪马股份, 价格:680, 总笔数:4 逐笔量：373663,3000,4000,10000,
2017-03-14 14:04:59.377 stock 迪马股份, 价格:679, 总笔数:50 逐笔量：100898,800,1000,7500,5000,300,1000,2000,500,500,200,5800,3000,500,4200,1000,10200,2000,1000,2100,500,600,7600,500,2000,3000,1400,5000,2000,500,300,1000,2000,2000,10000,1000,4200,4200,3100,1600,300,1000,2700,1100,200,500,500,2000,3000,1000,
2017-03-14 14:04:59.378 stock 迪马股份, 价格:680, 总笔数:4 逐笔量：371863,3000,4000,10000,
