2017-03-14 14:04:36.235 stock 紫江企业, 价格:564, 总笔数:11 逐笔量：42000,2100,2100,100,1000,100,6500,1000,100,2000,100,
2017-03-14 14:04:36.236 stock 紫江企业, 价格:565, 总笔数:50 逐笔量：6500,5000,500,1700,800,1900,1000,100,10000,8100,5000,5000,5000,3300,600,3000,30000,10000,1200,700,1000,100,1000,5700,2000,20000,31800,1000,77700,3000,2000,300,10000,2000,2000,600,500,800,25000,3000,5300,2000,200,1000,1000,1000,3000,5000,1400,2000,
2017-03-14 14:04:51.659 stock 紫江企业, 价格:564, 总笔数:12 逐笔量：33900,2100,2100,100,1000,100,6500,1000,100,2000,100,4000,
2017-03-14 14:04:51.659 stock 紫江企业, 价格:565, 总笔数:50 逐笔量：6500,5000,500,1700,800,1900,1000,100,10000,8100,5000,5000,5000,3300,600,3000,30000,10000,1200,700,1000,100,1000,5700,2000,20000,31800,1000,77700,3000,2000,300,10000,2000,2000,600,500,800,25000,3000,5300,2000,200,1000,1000,1000,3000,5000,1400,2000,
2017-03-14 14:04:53.269 stock 紫江企业, 价格:564, 总笔数:12 逐笔量：33900,2100,2100,100,1000,100,6500,1000,100,2000,100,4000,
2017-03-14 14:04:53.269 stock 紫江企业, 价格:565, 总笔数:50 逐笔量：6500,5000,500,1700,800,1900,1000,100,10000,8100,5000,5000,5000,3300,600,3000,30000,10000,1200,700,1000,100,1000,5700,2000,20000,31800,1000,77700,3000,2000,300,10000,2000,2000,600,500,800,25000,3000,5300,2000,200,1000,1000,1000,3000,5000,1400,2000,
2017-03-14 14:04:55.199 stock 紫江企业, 价格:563, 总笔数:16 逐笔量：1700,900,400,1000,1000,10000,1000,600,5000,17000,8000,2000,5000,500,1000,3500,
2017-03-14 14:04:55.200 stock 紫江企业, 价格:564, 总笔数:1 逐笔量：95626,
2017-03-14 14:04:57.337 stock 紫江企业, 价格:563, 总笔数:12 逐笔量：300,10000,1000,600,5000,17000,8000,2000,5000,500,1000,3500,
2017-03-14 14:04:57.337 stock 紫江企业, 价格:564, 总笔数:2 逐笔量：95626,600,
2017-03-14 14:04:59.133 stock 紫江企业, 价格:563, 总笔数:12 逐笔量：300,10000,1000,600,5000,17000,8000,2000,5000,500,1000,3500,
2017-03-14 14:04:59.133 stock 紫江企业, 价格:564, 总笔数:3 逐笔量：95426,600,10000,
