2017-03-14 14:04:36.540 stock 绿地控股, 价格:886, 总笔数:50 逐笔量：34076,600,10000,100,400,1000,1200,1000,1000,600,2100,1000,600,100,3000,1000,10000,600,500,100,2500,10000,5000,800,1100,600,500,100,1000,600,600,1000,500,200,3000,800,600,500,1000,7400,600,100,300,1000,1100,600,2900,100,2000,5800,
2017-03-14 14:04:36.540 stock 绿地控股, 价格:887, 总笔数:11 逐笔量：2500,2000,10000,7300,3000,1000,6000,7000,1000,400,800,
2017-03-14 14:04:49.505 stock 绿地控股, 价格:886, 总笔数:50 逐笔量：34076,600,10000,100,400,1000,1200,1000,1000,600,2100,1000,600,100,3000,1000,10000,600,500,100,2500,10000,5000,800,1100,600,500,100,1000,600,600,1000,500,200,3000,800,600,500,1000,7400,600,100,300,1000,1100,600,2900,100,2000,5800,
2017-03-14 14:04:49.506 stock 绿地控股, 价格:887, 总笔数:10 逐笔量：2500,2000,10000,7300,3000,1000,6000,7000,1000,400,
2017-03-14 14:04:51.343 stock 绿地控股, 价格:886, 总笔数:50 逐笔量：34076,600,10000,100,400,1000,1200,1000,1000,600,2100,1000,600,100,3000,1000,10000,600,500,100,2500,10000,5000,800,1100,600,500,100,1000,600,600,1000,500,200,3000,800,600,500,1000,7400,600,100,300,1000,1100,600,2900,100,2000,5800,
2017-03-14 14:04:51.343 stock 绿地控股, 价格:887, 总笔数:10 逐笔量：2500,2000,10000,7300,3000,1000,6000,7000,1000,400,
2017-03-14 14:04:53.456 stock 绿地控股, 价格:886, 总笔数:50 逐笔量：34076,600,10000,100,400,1000,1200,1000,1000,600,2100,1000,600,100,3000,1000,10000,600,500,100,2500,10000,5000,800,1100,600,500,100,1000,600,600,1000,500,200,3000,800,600,500,1000,7400,600,100,300,1000,1100,600,2900,100,2000,5800,
2017-03-14 14:04:53.456 stock 绿地控股, 价格:887, 总笔数:12 逐笔量：2500,2000,10000,7300,3000,1000,6000,7000,1000,400,2000,100,
2017-03-14 14:04:55.506 stock 绿地控股, 价格:886, 总笔数:50 逐笔量：34076,600,10000,100,400,1000,1200,1000,1000,600,2100,1000,600,100,3000,1000,10000,600,500,100,2500,10000,5000,800,1100,600,500,100,1000,600,600,1000,500,200,3000,800,600,500,1000,7400,600,100,300,1000,1100,600,2900,100,2000,5800,
2017-03-14 14:04:55.506 stock 绿地控股, 价格:887, 总笔数:11 逐笔量：2000,10000,7300,3000,1000,6000,7000,1000,2000,100,6000,
2017-03-14 14:04:57.262 stock 绿地控股, 价格:886, 总笔数:50 逐笔量：34076,600,10000,100,400,1000,1200,1000,1000,600,2100,1000,600,100,3000,1000,10000,600,500,100,2500,10000,5000,800,1100,600,500,100,1000,600,600,1000,500,200,3000,800,600,500,1000,7400,600,100,300,1000,1100,600,2900,100,2000,5800,
2017-03-14 14:04:57.262 stock 绿地控股, 价格:887, 总笔数:11 逐笔量：1500,10000,7300,3000,1000,6000,7000,1000,2000,100,6000,
2017-03-14 14:04:57.262 stock 绿地控股, 价格:886, 总笔数:50 逐笔量：24076,600,10000,100,400,1000,1200,1000,1000,600,2100,1000,600,100,3000,1000,10000,600,500,100,2500,10000,5000,800,1100,600,500,100,1000,600,600,1000,500,200,3000,800,600,500,1000,7400,600,100,300,1000,1100,600,2900,100,2000,5800,
2017-03-14 14:04:57.263 stock 绿地控股, 价格:887, 总笔数:11 逐笔量：1500,10000,7300,3000,1000,6000,7000,1000,2000,100,6000,
2017-03-14 14:04:59.217 stock 绿地控股, 价格:886, 总笔数:50 逐笔量：23976,600,10000,100,400,1000,1200,1000,1000,600,2100,1000,600,100,3000,1000,10000,600,500,100,2500,10000,5000,800,1100,600,500,100,1000,600,600,1000,500,200,3000,800,600,500,1000,7400,600,100,300,1000,1100,600,2900,100,2000,5800,
2017-03-14 14:04:59.217 stock 绿地控股, 价格:887, 总笔数:10 逐笔量：8800,7300,3000,1000,6000,7000,1000,2000,100,6000,
