2017-03-14 14:04:36.312 stock 农发种业, 价格:591, 总笔数:34 逐笔量：350,100,100,4500,1000,5100,100,2500,500,6400,8900,2000,16500,100,600,1700,400,5000,100,100,100,9000,1500,5000,300,2000,100,1000,100,1000,1200,5000,6000,2800,
2017-03-14 14:04:36.312 stock 农发种业, 价格:592, 总笔数:15 逐笔量：40300,1000,2000,63900,1800,10000,500,2400,1500,3500,4500,2000,8000,3000,500,
2017-03-14 14:04:49.431 stock 农发种业, 价格:591, 总笔数:34 逐笔量：350,100,100,4500,1000,5100,100,2500,500,6400,8900,2000,16500,100,600,1700,400,5000,100,100,100,9000,1500,5000,300,2000,100,1000,100,1000,1200,5000,6000,2800,
2017-03-14 14:04:49.431 stock 农发种业, 价格:592, 总笔数:16 逐笔量：40300,1000,2000,63900,1800,10000,500,2400,1500,3500,4500,2000,8000,3000,500,500,
2017-03-14 14:04:53.446 stock 农发种业, 价格:591, 总笔数:34 逐笔量：350,100,100,4500,1000,5100,100,2500,500,6400,8900,2000,16500,100,600,1700,400,5000,100,100,100,9000,1500,5000,300,2000,100,1000,100,1000,1200,5000,6000,2800,
2017-03-14 14:04:53.446 stock 农发种业, 价格:592, 总笔数:16 逐笔量：40300,1000,2000,63900,1800,10000,500,2400,1500,3500,4500,2000,8000,3000,500,500,
2017-03-14 14:04:55.456 stock 农发种业, 价格:591, 总笔数:35 逐笔量：350,100,100,4500,1000,5100,100,2500,500,6400,8900,2000,16500,100,600,1700,400,5000,100,100,100,9000,1500,5000,300,2000,100,1000,100,1000,1200,5000,6000,2800,5000,
2017-03-14 14:04:55.456 stock 农发种业, 价格:592, 总笔数:16 逐笔量：40300,1000,2000,63900,1800,10000,500,2400,1500,3500,4500,2000,8000,3000,500,500,
2017-03-14 14:04:59.212 stock 农发种业, 价格:591, 总笔数:35 逐笔量：350,100,100,4500,1000,5100,100,2500,500,6400,8900,2000,16500,100,600,1700,400,5000,100,100,100,9000,1500,5000,300,2000,100,1000,100,1000,1200,5000,6000,2800,5000,
2017-03-14 14:04:59.212 stock 农发种业, 价格:592, 总笔数:15 逐笔量：40300,1000,2000,63900,1800,10000,500,2400,1500,4500,2000,8000,3000,500,500,
2017-03-14 14:04:59.212 stock 农发种业, 价格:591, 总笔数:30 逐笔量：50,5100,100,2500,500,6400,8900,2000,16500,100,600,1700,400,5000,100,100,100,9000,1500,5000,300,100,1000,100,1000,1200,5000,6000,2800,5000,
2017-03-14 14:04:59.212 stock 农发种业, 价格:592, 总笔数:15 逐笔量：40300,1000,2000,63900,1800,10000,500,2400,1500,4500,2000,8000,3000,500,500,
