2017-03-14 14:04:36.293 stock 南钢股份, 价格:376, 总笔数:7 逐笔量：34692,7600,5000,2000,1400,30000,3500,
2017-03-14 14:04:36.294 stock 南钢股份, 价格:377, 总笔数:50 逐笔量：800,1000000,10000,1000,500,9000,700,4000,10000,500,1000,17800,1000,1400,8000,1000,600,1000,1000,100,2400,100,5400,500,500,1900,30000,10000,6000,1000,5000,400,5400,20800,2100,500,500,1000,1000,5000,3000,2000,1000,3000,2000,600,5000,5000,6900,1600,
2017-03-14 14:04:49.643 stock 南钢股份, 价格:376, 总笔数:11 逐笔量：27092,7600,5000,2000,1400,30000,3500,2500,50000,1600,500000,
2017-03-14 14:04:49.644 stock 南钢股份, 价格:377, 总笔数:50 逐笔量：994700,10000,1000,500,9000,700,4000,10000,500,1000,17800,1000,1400,8000,1000,600,1000,1000,100,2400,100,5400,500,500,1900,30000,10000,6000,1000,5000,400,5400,20800,2100,500,500,1000,1000,5000,3000,2000,1000,3000,2000,600,5000,5000,6900,1600,500,
2017-03-14 14:04:51.835 stock 南钢股份, 价格:376, 总笔数:11 逐笔量：26592,7600,5000,2000,1400,30000,3500,2500,50000,1600,500000,
2017-03-14 14:04:51.835 stock 南钢股份, 价格:377, 总笔数:50 逐笔量：994700,10000,1000,500,9000,700,4000,10000,500,1000,17800,1000,1400,8000,1000,600,1000,1000,100,2400,100,5400,500,500,1900,30000,10000,6000,1000,5000,400,5400,20800,2100,500,500,1000,1000,5000,3000,2000,1000,3000,2000,600,5000,5000,6900,1600,500,
2017-03-14 14:04:53.606 stock 南钢股份, 价格:376, 总笔数:11 逐笔量：26592,7600,5000,2000,1400,30000,3500,2500,50000,1600,500000,
2017-03-14 14:04:53.606 stock 南钢股份, 价格:377, 总笔数:50 逐笔量：994700,10000,1000,500,9000,700,4000,10000,500,1000,17800,1000,1400,8000,1000,600,1000,1000,100,2400,100,5400,500,500,1900,30000,10000,6000,1000,5000,400,5400,20800,2100,500,500,1000,1000,5000,3000,2000,1000,3000,2000,600,5000,5000,6900,1600,500,
2017-03-14 14:04:53.607 stock 南钢股份, 价格:376, 总笔数:11 逐笔量：21792,7600,5000,2000,1400,30000,3500,2500,50000,1600,500000,
2017-03-14 14:04:53.607 stock 南钢股份, 价格:377, 总笔数:50 逐笔量：994700,10000,1000,500,9000,700,4000,10000,500,1000,17800,1000,1400,8000,1000,600,1000,1000,100,2400,100,5400,500,500,1900,30000,10000,6000,1000,5000,400,5400,20800,2100,500,500,1000,1000,5000,3000,2000,1000,3000,2000,600,5000,5000,6900,1600,500,
2017-03-14 14:04:55.374 stock 南钢股份, 价格:376, 总笔数:14 逐笔量：21792,7600,5000,2000,1400,30000,3500,2500,50000,1600,500000,500,6100,7300,
2017-03-14 14:04:55.374 stock 南钢股份, 价格:377, 总笔数:50 逐笔量：983500,10000,1000,500,9000,700,4000,10000,500,1000,17800,1000,1400,8000,1000,600,1000,1000,100,2400,100,5400,500,500,1900,30000,10000,6000,1000,5000,400,5400,20800,2100,500,500,1000,1000,5000,3000,2000,1000,3000,2000,600,5000,5000,6900,1600,500,
2017-03-14 14:04:57.109 stock 南钢股份, 价格:376, 总笔数:14 逐笔量：21792,7600,5000,2000,1400,30000,3500,2500,50000,1600,500000,500,6100,7300,
2017-03-14 14:04:57.109 stock 南钢股份, 价格:377, 总笔数:50 逐笔量：969500,10000,1000,500,9000,700,4000,10000,500,1000,17800,1000,1400,8000,1000,600,1000,1000,100,2400,100,5400,500,500,1900,30000,10000,6000,1000,5000,400,5400,20800,2100,500,500,1000,1000,5000,3000,2000,1000,3000,2000,600,5000,5000,6900,1600,500,
2017-03-14 14:04:59.262 stock 南钢股份, 价格:376, 总笔数:16 逐笔量：6792,7600,5000,2000,1400,30000,3500,2500,50000,1600,500000,500,6100,7300,6000,1000,
2017-03-14 14:04:59.263 stock 南钢股份, 价格:377, 总笔数:50 逐笔量：969300,10000,1000,500,9000,700,4000,10000,500,1000,17800,1000,1400,8000,1000,600,1000,1000,100,2400,100,5400,500,500,1900,30000,10000,6000,1000,5000,400,5400,20800,2100,500,500,1000,1000,5000,3000,2000,1000,3000,2000,600,5000,5000,6900,1600,500,
