2017-03-14 14:04:36.035 stock 皖维高新, 价格:493, 总笔数:26 逐笔量：5000,62800,21900,50000,40000,1000,3000,50000,10000,20000,300,2100,200,4000,5000,10000,1400,129600,1000,10000,7000,500,1200,2000,100,14000,
2017-03-14 14:04:36.036 stock 皖维高新, 价格:494, 总笔数:45 逐笔量：13937,10000,5000,1000,1800,3000,300,5000,4000,400,2000,16000,1000,1000,300,13500,3500,7000,3500,30000,1200,1800,8781,300,400,500,300,1000,8000,300,1500,1000,100,20000,3000,20000,2000,300,30000,1000,5000,7600,400,4000,1700,
2017-03-14 14:04:49.638 stock 皖维高新, 价格:493, 总笔数:26 逐笔量：5000,62800,21900,50000,40000,1000,3000,50000,10000,20000,300,2100,200,4000,5000,10000,1400,129600,1000,10000,7000,500,1200,2000,100,14000,
2017-03-14 14:04:49.638 stock 皖维高新, 价格:494, 总笔数:45 逐笔量：13837,10000,5000,1000,1800,3000,300,5000,4000,400,2000,16000,1000,1000,300,13500,3500,7000,3500,30000,1200,1800,8781,300,400,500,300,1000,8000,300,1500,1000,100,20000,3000,20000,2000,300,30000,1000,5000,7600,400,4000,1700,
2017-03-14 14:04:55.335 stock 皖维高新, 价格:493, 总笔数:26 逐笔量：5000,62800,21900,50000,40000,1000,3000,50000,10000,20000,300,2100,200,4000,5000,10000,1400,129600,1000,10000,7000,500,1200,2000,100,14000,
2017-03-14 14:04:55.335 stock 皖维高新, 价格:494, 总笔数:46 逐笔量：13837,10000,5000,1000,1800,3000,300,5000,4000,400,2000,16000,1000,1000,300,13500,3500,7000,3500,30000,1200,1800,8781,300,400,500,300,1000,8000,300,1500,1000,100,20000,3000,20000,2000,300,30000,1000,5000,7600,400,4000,1700,300,
2017-03-14 14:04:57.069 stock 皖维高新, 价格:493, 总笔数:26 逐笔量：5000,62800,21900,50000,40000,1000,3000,50000,10000,20000,300,2100,200,4000,5000,10000,1400,129600,1000,10000,7000,500,1200,2000,100,14000,
2017-03-14 14:04:57.070 stock 皖维高新, 价格:494, 总笔数:47 逐笔量：13337,10000,5000,1000,1800,3000,300,5000,4000,400,2000,16000,1000,1000,300,13500,3500,7000,3500,30000,1200,1800,8781,300,400,500,300,1000,8000,300,1500,1000,100,20000,3000,20000,2000,300,30000,1000,5000,7600,400,4000,1700,300,2000,
2017-03-14 14:04:59.258 stock 皖维高新, 价格:493, 总笔数:26 逐笔量：5000,62800,21900,50000,40000,1000,3000,50000,10000,20000,300,2100,200,4000,5000,10000,1400,129600,1000,10000,7000,500,1200,2000,100,14000,
2017-03-14 14:04:59.259 stock 皖维高新, 价格:494, 总笔数:47 逐笔量：11737,10000,5000,1000,1800,3000,300,5000,4000,400,2000,16000,1000,1000,300,13500,3500,7000,3500,30000,1200,1800,8781,300,400,500,300,1000,8000,300,1500,1000,100,20000,3000,20000,2000,300,30000,1000,5000,7600,400,4000,1700,300,2000,
