2017-03-14 14:04:36.466 stock 华丽家族, 价格:819, 总笔数:26 逐笔量：13100,5500,24100,3500,1100,5000,700,20000,600,1200,4800,2700,1800,4000,2300,2400,1200,800,9500,2900,1500,8000,2000,700,200,3600,
2017-03-14 14:04:36.466 stock 华丽家族, 价格:820, 总笔数:26 逐笔量：4600,20000,300,900,600,1500,2000,700,1500,124500,5000,500,1500,2200,1700,21800,1000,2500,200,1900,200,3000,4000,7692,10000,1000,
2017-03-14 14:04:49.779 stock 华丽家族, 价格:819, 总笔数:26 逐笔量：13100,5500,24100,3500,1100,5000,700,20000,600,1200,4800,2700,1800,4000,2300,2400,1200,800,9500,2900,1500,8000,2000,200,3600,700,
2017-03-14 14:04:49.779 stock 华丽家族, 价格:820, 总笔数:25 逐笔量：4600,20000,300,900,600,1500,2000,700,1500,124500,5000,500,1500,2200,1700,21800,2500,200,1900,200,3000,4000,7692,10000,1000,
2017-03-14 14:04:52.035 stock 华丽家族, 价格:819, 总笔数:25 逐笔量：10500,5500,24100,3500,1100,5000,700,20000,600,1200,4800,2700,1800,4000,2300,2400,1200,800,9500,2900,1500,8000,2000,200,700,
2017-03-14 14:04:52.036 stock 华丽家族, 价格:820, 总笔数:25 逐笔量：4000,20000,300,900,600,1500,2000,700,1500,124500,5000,500,1500,2200,1700,21800,2500,200,1900,200,3000,4000,7692,10000,1000,
2017-03-14 14:04:53.740 stock 华丽家族, 价格:819, 总笔数:26 逐笔量：10500,5500,24100,3500,1100,5000,700,20000,600,1200,4800,2700,1800,4000,2300,2400,1200,800,9500,2900,1500,8000,2000,200,700,2000,
2017-03-14 14:04:53.740 stock 华丽家族, 价格:820, 总笔数:26 逐笔量：4000,20000,300,900,600,1500,2000,700,1500,124500,5000,500,1500,2200,1700,21800,2500,200,1900,200,3000,4000,7692,10000,1000,600,
2017-03-14 14:04:55.816 stock 华丽家族, 价格:819, 总笔数:26 逐笔量：10500,5500,24100,3500,1100,5000,700,20000,600,1200,4800,2700,1800,4000,2300,2400,1200,800,9500,2900,1500,8000,2000,200,700,2000,
2017-03-14 14:04:55.816 stock 华丽家族, 价格:820, 总笔数:27 逐笔量：4000,20000,300,900,600,1500,2000,700,1500,124500,5000,500,1500,2200,1700,21800,2500,200,1900,200,3000,4000,7692,10000,1000,600,1000,
2017-03-14 14:04:57.583 stock 华丽家族, 价格:819, 总笔数:26 逐笔量：10500,5500,24100,3500,1100,5000,700,20000,600,1200,4800,2700,1800,4000,2300,2400,1200,800,9500,2900,1500,8000,2000,200,700,2000,
2017-03-14 14:04:57.583 stock 华丽家族, 价格:820, 总笔数:27 逐笔量：4000,20000,300,900,600,1500,2000,700,1500,124500,5000,500,1500,2200,1700,21800,2500,200,1900,200,3000,4000,7692,10000,1000,600,1000,
2017-03-14 14:04:59.453 stock 华丽家族, 价格:819, 总笔数:26 逐笔量：10000,5500,24100,3500,1100,5000,700,20000,600,1200,4800,2700,1800,4000,2300,2400,1200,800,9500,2900,1500,8000,2000,200,700,2000,
2017-03-14 14:04:59.453 stock 华丽家族, 价格:820, 总笔数:27 逐笔量：4000,20000,300,900,600,1500,2000,700,1500,124500,5000,500,1500,2200,1700,21800,2500,200,1900,200,3000,4000,7692,10000,1000,600,1000,
