2017-03-14 14:04:36.317 stock 振华重工, 价格:544, 总笔数:41 逐笔量：50,1000,3000,5000,1000,1200,1000,6000,3000,1400,2000,18300,2100,10000,1000,1600,500,900,600,8000,500,700,1000,5000,5000,2200,600,1000,100,1000,3000,1000,1600,2000,9900,3800,400,2000,2000,10000,4800,
2017-03-14 14:04:36.321 stock 振华重工, 价格:545, 总笔数:19 逐笔量：18790,20000,300,4000,3000,20000,30000,600,1000,2000,200,100,10000,13000,200,1200,1000,2000,19096,
2017-03-14 14:04:49.667 stock 振华重工, 价格:544, 总笔数:41 逐笔量：50,1000,3000,5000,1000,1200,1000,6000,3000,1400,2000,18300,2100,10000,1000,1600,500,900,600,8000,500,700,1000,5000,5000,2200,600,1000,100,1000,3000,1000,1600,2000,9900,3800,400,2000,2000,10000,4800,
2017-03-14 14:04:49.668 stock 振华重工, 价格:545, 总笔数:19 逐笔量：18790,20000,300,4000,3000,20000,30000,600,1000,2000,200,100,10000,13000,200,1200,1000,2000,19096,
2017-03-14 14:04:53.611 stock 振华重工, 价格:544, 总笔数:41 逐笔量：50,1000,3000,5000,1000,1200,1000,6000,3000,1400,2000,18300,2100,10000,1000,1600,500,900,600,8000,500,700,1000,5000,5000,2200,600,1000,100,1000,3000,1000,1600,2000,9900,3800,400,2000,2000,10000,4800,
2017-03-14 14:04:53.611 stock 振华重工, 价格:545, 总笔数:19 逐笔量：18790,20000,300,4000,3000,20000,30000,600,1000,2000,200,100,10000,13000,200,1200,1000,2000,19096,
2017-03-14 14:04:55.377 stock 振华重工, 价格:544, 总笔数:42 逐笔量：50,1000,3000,5000,1000,1200,1000,6000,3000,1400,2000,18300,2100,10000,1000,1600,500,900,600,8000,500,700,1000,5000,5000,2200,600,1000,100,1000,3000,1000,1600,2000,9900,3800,400,2000,2000,10000,4800,5000,
2017-03-14 14:04:55.378 stock 振华重工, 价格:545, 总笔数:19 逐笔量：18790,20000,300,4000,3000,20000,30000,600,1000,2000,200,100,10000,13000,200,1200,1000,2000,19096,
2017-03-14 14:04:57.113 stock 振华重工, 价格:544, 总笔数:42 逐笔量：50,1000,3000,5000,1000,1200,1000,6000,3000,1400,2000,18300,2100,10000,1000,1600,500,900,600,8000,500,700,1000,5000,5000,2200,600,1000,100,1000,3000,1000,1600,2000,9900,3800,400,2000,2000,10000,4800,5000,
2017-03-14 14:04:57.114 stock 振华重工, 价格:545, 总笔数:20 逐笔量：16090,20000,300,4000,3000,20000,30000,600,1000,2000,200,100,10000,13000,200,1200,1000,2000,19096,11300,
2017-03-14 14:04:59.280 stock 振华重工, 价格:544, 总笔数:40 逐笔量：1050,5000,1000,1200,1000,6000,3000,1400,2000,18300,2100,10000,1000,1600,500,900,600,8000,500,700,1000,5000,5000,2200,600,1000,100,1000,3000,1000,1600,2000,9900,3800,400,2000,2000,10000,4800,5000,
2017-03-14 14:04:59.281 stock 振华重工, 价格:545, 总笔数:20 逐笔量：16090,20000,300,4000,3000,20000,30000,600,1000,2000,200,100,10000,13000,200,1200,1000,2000,19096,11300,
