2017-03-14 14:04:36.019 stock 南方航空, 价格:782, 总笔数:31 逐笔量：66815,500,900,23000,1000,20000,5000,50000,2000,30000,22200,1300,25000,6900,2600,10000,2000,2000,500,1000,2000,200,32000,600,700,600,800,14400,200000,1500,1800,
2017-03-14 14:04:36.019 stock 南方航空, 价格:783, 总笔数:50 逐笔量：12656,5600,500,2000,10100,2200,1500,1000,30000,3000,15,2000,10000,1000,500,800,300,4000,5000,2000,13900,1000,1000,500,2000,8000,500,100,200,6600,10000,10200,1300,20000,15400,6000,700,200,1200,100,1300,10000,300,1000,5000,700,3000,2900,100000,300,
2017-03-14 14:04:49.380 stock 南方航空, 价格:782, 总笔数:30 逐笔量：66815,500,900,23000,1000,20000,5000,50000,2000,30000,22200,1300,25000,6900,2600,10000,2000,2000,500,1000,2000,200,32000,700,600,800,14400,200000,1500,1800,
2017-03-14 14:04:49.380 stock 南方航空, 价格:783, 总笔数:50 逐笔量：12656,5600,500,2000,10100,2200,1500,1000,30000,3000,15,2000,10000,1000,500,800,300,4000,5000,2000,13900,1000,1000,500,2000,8000,500,100,200,6600,10000,10200,1300,20000,15400,6000,700,200,1200,100,1300,10000,300,1000,5000,700,3000,2900,100000,300,
2017-03-14 14:04:51.291 stock 南方航空, 价格:782, 总笔数:31 逐笔量：66715,500,900,23000,1000,20000,5000,50000,2000,30000,22200,1300,25000,6900,2600,10000,2000,2000,500,1000,2000,200,32000,700,600,800,14400,200000,1500,1800,600,
2017-03-14 14:04:51.292 stock 南方航空, 价格:783, 总笔数:50 逐笔量：10656,5600,500,2000,10100,2200,1500,1000,30000,3000,15,2000,10000,1000,500,800,300,4000,5000,2000,13900,1000,1000,500,2000,8000,500,100,200,6600,10000,10200,1300,20000,15400,6000,700,200,1200,100,1300,10000,300,1000,5000,700,3000,2900,100000,300,
2017-03-14 14:04:53.412 stock 南方航空, 价格:782, 总笔数:30 逐笔量：47715,500,900,23000,1000,20000,5000,50000,2000,30000,22200,1300,25000,6900,2600,10000,2000,2000,500,1000,2000,200,32000,700,800,14400,200000,1500,1800,600,
2017-03-14 14:04:53.412 stock 南方航空, 价格:783, 总笔数:50 逐笔量：10656,5600,500,2000,10100,2200,1500,1000,30000,3000,15,2000,10000,1000,500,800,300,4000,5000,2000,13900,1000,1000,500,2000,8000,500,100,200,6600,10000,10200,1300,20000,15400,6000,700,200,1200,100,1300,10000,300,1000,5000,700,3000,2900,100000,300,
2017-03-14 14:04:55.436 stock 南方航空, 价格:782, 总笔数:30 逐笔量：47715,500,900,23000,1000,20000,5000,50000,2000,30000,22200,1300,25000,6900,2600,10000,2000,2000,500,1000,2000,200,32000,700,800,14400,200000,1500,1800,600,
2017-03-14 14:04:55.437 stock 南方航空, 价格:783, 总笔数:50 逐笔量：10056,5600,500,2000,10100,2200,1500,1000,30000,3000,15,2000,10000,1000,500,800,300,4000,5000,2000,13900,1000,1000,500,2000,8000,500,100,200,6600,10000,10200,1300,20000,15400,6000,700,200,1200,100,1300,10000,300,1000,5000,700,3000,2900,100000,300,
2017-03-14 14:04:57.197 stock 南方航空, 价格:782, 总笔数:30 逐笔量：45715,500,900,23000,1000,20000,5000,50000,2000,30000,22200,1300,25000,6900,2600,10000,2000,2000,500,1000,2000,200,32000,700,800,14400,200000,1500,1800,600,
2017-03-14 14:04:57.198 stock 南方航空, 价格:783, 总笔数:50 逐笔量：9456,5600,500,2000,10100,2200,1500,1000,30000,3000,15,2000,10000,1000,500,800,300,4000,5000,2000,13900,1000,1000,500,2000,8000,500,100,200,6600,10000,10200,1300,20000,15400,6000,700,200,1200,100,1300,10000,300,1000,5000,700,3000,2900,100000,300,
2017-03-14 14:04:59.190 stock 南方航空, 价格:782, 总笔数:20 逐笔量：315,1300,25000,6900,2600,10000,2000,2000,500,1000,2000,200,32000,700,800,14400,200000,1500,1800,600,
2017-03-14 14:04:59.190 stock 南方航空, 价格:783, 总笔数:50 逐笔量：9456,5600,500,2000,10100,2200,1500,1000,30000,3000,15,2000,10000,1000,500,800,300,4000,5000,2000,13900,1000,1000,500,2000,8000,500,100,200,6600,10000,10200,1300,20000,15400,6000,700,200,1200,100,1300,10000,300,1000,5000,700,3000,2900,100000,300,
