2017-03-14 14:04:36.013 stock 民生银行, 价格:884, 总笔数:50 逐笔量：21229,3200,600,3000,2000,100,3000,100,1000,600,1000,1600,200,3000,20000,2500,1200,10000,1000,6000,2000,95600,500,6000,4300,100,2800,10000,3000,32400,2000,2600,2500,300,500,1000,5000,3200,900,500,2000,500,10000,1000,1500,2000,2200,1100,800,1000,
2017-03-14 14:04:36.013 stock 民生银行, 价格:885, 总笔数:15 逐笔量：24256,7000,2200,13700,5000,4200,1000,3900,800,1000,3000,28800,15600,1000,245200,
2017-03-14 14:04:49.531 stock 民生银行, 价格:884, 总笔数:50 逐笔量：21229,3200,600,3000,2000,100,3000,100,1000,600,1000,1600,200,3000,20000,2500,1200,10000,1000,6000,2000,95600,500,6000,4300,100,2800,10000,3000,32400,2000,2600,2500,300,500,1000,5000,3200,900,500,2000,500,10000,1000,1500,2000,2200,1100,800,1000,
2017-03-14 14:04:49.532 stock 民生银行, 价格:885, 总笔数:14 逐笔量：24256,7000,2200,5000,4200,1000,3900,800,1000,3000,28800,15600,1000,245200,
2017-03-14 14:04:51.370 stock 民生银行, 价格:884, 总笔数:50 逐笔量：17829,3200,600,3000,2000,100,3000,100,1000,600,1000,1600,200,3000,20000,2500,1200,10000,1000,6000,2000,95600,500,6000,4300,100,2800,10000,3000,32400,2000,2600,2500,300,500,1000,5000,3200,900,500,2000,500,10000,1000,1500,2000,2200,1100,800,1000,
2017-03-14 14:04:51.370 stock 民生银行, 价格:885, 总笔数:14 逐笔量：19256,7000,2200,5000,4200,1000,3900,800,1000,3000,28800,15600,1000,245200,
2017-03-14 14:04:53.479 stock 民生银行, 价格:884, 总笔数:50 逐笔量：17829,3200,600,3000,2000,100,3000,100,1000,600,1000,1600,200,3000,20000,2500,1200,10000,1000,6000,2000,95600,500,6000,4300,100,2800,10000,3000,32400,2000,2600,2500,300,500,1000,5000,3200,900,500,2000,500,10000,1000,1500,2000,2200,1100,800,1000,
2017-03-14 14:04:53.480 stock 民生银行, 价格:885, 总笔数:14 逐笔量：19256,7000,2200,5000,4200,1000,3900,800,1000,3000,28800,15600,245200,1000,
2017-03-14 14:04:55.571 stock 民生银行, 价格:884, 总笔数:50 逐笔量：17829,3200,600,3000,2000,100,3000,100,1000,600,1000,1600,200,3000,20000,2500,1200,10000,1000,6000,2000,95600,500,6000,4300,100,2800,10000,3000,32400,2000,2600,2500,300,500,1000,5000,3200,900,500,2000,500,10000,1000,1500,2000,2200,1100,800,1000,
2017-03-14 14:04:55.571 stock 民生银行, 价格:885, 总笔数:14 逐笔量：18056,7000,2200,5000,4200,1000,3900,800,1000,3000,28800,15600,245200,1000,
2017-03-14 14:04:56.951 stock 民生银行, 价格:884, 总笔数:50 逐笔量：17829,3200,600,3000,2000,100,3000,100,1000,600,1000,1600,200,3000,20000,2500,1200,10000,1000,6000,2000,95600,500,6000,4300,100,2800,10000,3000,32400,2000,2600,2500,300,500,1000,5000,3200,900,500,2000,500,10000,1000,1500,2000,2200,1100,800,1000,
2017-03-14 14:04:56.952 stock 民生银行, 价格:885, 总笔数:14 逐笔量：18056,7000,2200,5000,4200,1000,3900,800,1000,3000,28800,15600,245200,1000,
2017-03-14 14:04:59.030 stock 民生银行, 价格:884, 总笔数:50 逐笔量：17829,3200,600,3000,2000,100,3000,100,1000,600,1000,1600,200,3000,20000,2500,1200,10000,1000,6000,2000,95600,500,6000,4300,100,2800,10000,3000,32400,2000,2600,2500,300,500,1000,5000,3200,900,500,2000,500,10000,1000,1500,2000,2200,1100,800,1000,
2017-03-14 14:04:59.030 stock 民生银行, 价格:885, 总笔数:17 逐笔量：17956,7000,2200,5000,4200,1000,3900,800,1000,3000,28800,15600,245200,1000,4100,1000,1400,
