2017-03-14 14:04:36.269 stock 中恒集团, 价格:461, 总笔数:50 逐笔量：168110,1000,1700,20000,117900,1000,400,1300,30000,1000,5000,2000,10000,1000,1000,400,2000,4100,2000,20000,3200,3300,300,2100,100,1800,2000,800,400,300,20000,16800,9600,5000,100,26700,10300,19200,600,7000,300,1000,2200,10000,800,2300,2100,1000,100,2000,
2017-03-14 14:04:36.269 stock 中恒集团, 价格:462, 总笔数:17 逐笔量：44000,5000,2300,200000,1000,100,300,500,3000,300,5500,4400,35000,1600,10000,4000,100,
2017-03-14 14:04:49.577 stock 中恒集团, 价格:461, 总笔数:50 逐笔量：166110,1000,1700,20000,117900,1000,400,1300,30000,1000,5000,2000,10000,1000,1000,400,2000,4100,2000,20000,3200,3300,300,2100,100,1800,2000,800,400,300,20000,16800,9600,5000,100,26700,10300,19200,600,7000,300,1000,2200,10000,800,2300,2100,1000,100,2000,
2017-03-14 14:04:49.578 stock 中恒集团, 价格:462, 总笔数:17 逐笔量：44000,5000,2300,200000,1000,100,300,500,3000,300,5500,4400,35000,1600,10000,4000,100,
2017-03-14 14:04:51.574 stock 中恒集团, 价格:461, 总笔数:50 逐笔量：166110,1000,1700,20000,117900,1000,400,1300,30000,1000,5000,2000,10000,1000,1000,400,2000,4100,2000,20000,3200,3300,300,2100,100,1800,2000,800,400,300,20000,16800,9600,5000,100,26700,10300,19200,600,7000,300,1000,2200,10000,800,2300,2100,1000,100,2000,
2017-03-14 14:04:51.574 stock 中恒集团, 价格:462, 总笔数:17 逐笔量：44000,5000,2300,200000,1000,100,300,500,3000,300,5500,4400,35000,1600,10000,4000,100,
2017-03-14 14:04:53.518 stock 中恒集团, 价格:461, 总笔数:50 逐笔量：166110,1000,1700,20000,117900,1000,400,1300,30000,1000,5000,2000,10000,1000,1000,400,2000,4100,2000,20000,3200,3300,300,2100,100,1800,2000,800,400,300,20000,16800,9600,5000,100,26700,10300,19200,600,7000,300,1000,2200,10000,800,2300,2100,1000,100,2000,
2017-03-14 14:04:53.518 stock 中恒集团, 价格:462, 总笔数:17 逐笔量：44000,5000,2300,200000,1000,100,300,500,3000,300,5500,4400,35000,1600,10000,4000,100,
2017-03-14 14:04:55.655 stock 中恒集团, 价格:461, 总笔数:50 逐笔量：166110,1000,1700,20000,117900,1000,400,1300,30000,1000,5000,2000,10000,1000,1000,400,2000,4100,2000,20000,3200,3300,300,2100,100,1800,2000,800,400,300,20000,16800,9600,5000,100,26700,10300,19200,600,7000,300,1000,2200,10000,800,2300,2100,1000,100,2000,
2017-03-14 14:04:55.655 stock 中恒集团, 价格:462, 总笔数:19 逐笔量：44000,5000,2300,200000,1000,100,300,500,3000,300,5500,4400,35000,1600,10000,4000,100,300,30000,
2017-03-14 14:04:56.965 stock 中恒集团, 价格:461, 总笔数:50 逐笔量：166110,1000,1700,20000,117900,1000,400,1300,30000,1000,5000,2000,10000,1000,1000,400,2000,4100,2000,20000,3200,3300,300,2100,100,1800,2000,800,400,300,20000,16800,9600,5000,100,26700,10300,19200,600,7000,300,1000,2200,10000,800,2300,2100,1000,100,2000,
2017-03-14 14:04:56.965 stock 中恒集团, 价格:462, 总笔数:19 逐笔量：44000,5000,2300,200000,1000,100,300,500,3000,300,5500,4400,35000,1600,10000,4000,100,300,30000,
2017-03-14 14:04:59.059 stock 中恒集团, 价格:461, 总笔数:50 逐笔量：161110,1000,1700,20000,117900,1000,400,1300,30000,1000,5000,2000,10000,1000,1000,400,2000,4100,2000,20000,3200,3300,300,2100,100,1800,2000,800,400,300,20000,16800,9600,5000,100,26700,10300,19200,600,7000,300,1000,2200,10000,800,2300,2100,1000,100,2000,
2017-03-14 14:04:59.059 stock 中恒集团, 价格:462, 总笔数:19 逐笔量：44000,5000,2300,200000,1000,100,300,500,3000,300,5500,4400,35000,1600,10000,4000,100,300,30000,
