2017-03-14 14:04:36.341 stock 山东高速, 价格:676, 总笔数:50 逐笔量：26247,600,1500,5000,4000,300,1000,5000,5000,1000,3000,5000,2000,2000,1000,2000,1000,2000,20000,5000,300,14800,1500,2000,1000,1000,400,3000,3000,100,4900,2000,1000,600,2100,100,10000,400,100,300,200,1000,300,1800,1800,2000,100,1000,3900,4000,
2017-03-14 14:04:36.341 stock 山东高速, 价格:677, 总笔数:4 逐笔量：400,100,200,2000,
2017-03-14 14:04:49.488 stock 山东高速, 价格:676, 总笔数:50 逐笔量：26247,600,1500,5000,4000,300,1000,5000,5000,1000,3000,5000,2000,2000,1000,2000,1000,2000,20000,5000,300,14800,1500,2000,1000,1000,400,3000,3000,100,4900,2000,1000,600,2100,100,10000,400,100,300,200,1000,300,1800,1800,2000,100,1000,3900,4000,
2017-03-14 14:04:49.497 stock 山东高速, 价格:677, 总笔数:4 逐笔量：400,100,200,2000,
2017-03-14 14:04:51.305 stock 山东高速, 价格:676, 总笔数:50 逐笔量：26247,600,1500,5000,4000,300,1000,5000,5000,1000,3000,5000,2000,2000,1000,2000,1000,2000,20000,5000,300,14800,1500,2000,1000,1000,400,3000,3000,100,4900,2000,1000,600,2100,100,10000,400,100,300,200,1000,300,1800,1800,2000,100,1000,3900,4000,
2017-03-14 14:04:51.305 stock 山东高速, 价格:677, 总笔数:5 逐笔量：400,100,200,2000,100,
2017-03-14 14:04:53.448 stock 山东高速, 价格:676, 总笔数:50 逐笔量：26247,600,1500,5000,4000,300,1000,5000,5000,1000,3000,5000,2000,2000,1000,2000,1000,2000,20000,5000,300,14800,1500,2000,1000,1000,400,3000,3000,100,4900,2000,1000,600,2100,100,10000,400,100,300,200,1000,300,1800,1800,2000,100,1000,3900,4000,
2017-03-14 14:04:53.448 stock 山东高速, 价格:677, 总笔数:5 逐笔量：400,100,200,2000,100,
2017-03-14 14:04:55.458 stock 山东高速, 价格:676, 总笔数:50 逐笔量：26247,600,1500,5000,4000,300,1000,5000,5000,1000,3000,5000,2000,2000,1000,2000,1000,2000,20000,5000,300,14800,1500,2000,1000,1000,400,3000,3000,100,4900,2000,1000,600,2100,100,10000,400,100,300,200,1000,300,1800,1800,2000,100,1000,3900,4000,
2017-03-14 14:04:55.458 stock 山东高速, 价格:677, 总笔数:6 逐笔量：400,100,200,2000,100,200,
