2017-03-14 14:04:36.519 stock 京能电力, 价格:430, 总笔数:47 逐笔量：299,100,4500,100,10000,100,1000,400,3200,100,2400,100,47600,3200,500,3000,500,10000,2600,10000,2200,3000,2000,700,5000,700,900,4400,5000,100,700,100,3000,100,1000,6300,100,100,100,100,700,100,16800,1000,100,100,100,
2017-03-14 14:04:36.520 stock 京能电力, 价格:431, 总笔数:43 逐笔量：31900,200,1500,2500,2700,1100,600,3300,5000,2500,4000,2500,4600,1600,10600,2000,20000,5000,20800,4000,13686,15600,2600,28700,2000,200,3000,500,20000,1600,1200,3100,2800,600,900,1000,4300,5000,6479,10000,20000,100,1000,
2017-03-14 14:04:49.364 stock 京能电力, 价格:430, 总笔数:47 逐笔量：299,100,4500,100,10000,100,1000,400,3200,100,2400,100,47600,3200,500,3000,500,10000,2600,10000,2200,3000,2000,700,5000,700,900,4400,5000,100,700,100,3000,100,1000,6300,100,100,100,100,700,100,16800,1000,100,100,100,
2017-03-14 14:04:49.364 stock 京能电力, 价格:431, 总笔数:43 逐笔量：26200,200,1500,2500,2700,1100,600,3300,5000,2500,4000,2500,4600,1600,10600,2000,20000,5000,20800,4000,13686,15600,2600,28700,2000,200,3000,500,20000,1600,1200,3100,2800,600,900,1000,4300,5000,6479,10000,20000,100,1000,
2017-03-14 14:04:53.298 stock 京能电力, 价格:430, 总笔数:47 逐笔量：299,100,4500,100,10000,100,1000,400,3200,100,2400,100,47600,3200,500,3000,500,10000,2600,10000,2200,3000,2000,700,5000,700,900,4400,5000,100,700,100,3000,100,1000,6300,100,100,100,100,700,100,16800,1000,100,100,100,
2017-03-14 14:04:53.298 stock 京能电力, 价格:431, 总笔数:43 逐笔量：26100,200,1500,2500,2700,1100,600,3300,5000,2500,4000,2500,4600,1600,10600,2000,20000,5000,20800,4000,13686,15600,2600,28700,2000,200,3000,500,20000,1600,1200,3100,2800,600,900,1000,4300,5000,6479,10000,20000,100,1000,
2017-03-14 14:04:55.214 stock 京能电力, 价格:430, 总笔数:47 逐笔量：299,100,4500,100,10000,100,1000,400,3200,100,2400,100,47600,3200,500,3000,500,10000,2600,10000,2200,3000,2000,700,5000,700,900,4400,5000,100,700,100,3000,100,1000,6300,100,100,100,100,700,100,16800,1000,100,100,100,
2017-03-14 14:04:55.214 stock 京能电力, 价格:431, 总笔数:43 逐笔量：26000,200,1500,2500,2700,1100,600,3300,5000,2500,4000,2500,4600,1600,10600,2000,20000,5000,20800,4000,13686,15600,2600,28700,2000,200,3000,500,20000,1600,1200,3100,2800,600,900,1000,4300,5000,6479,10000,20000,100,1000,
2017-03-14 14:04:57.362 stock 京能电力, 价格:430, 总笔数:48 逐笔量：299,100,4500,100,10000,100,1000,400,3200,100,2400,100,47600,3200,500,3000,500,10000,2600,10000,2200,3000,2000,700,5000,700,900,4400,5000,100,700,100,3000,100,1000,6300,100,100,100,100,700,100,16800,1000,100,100,100,700,
2017-03-14 14:04:57.362 stock 京能电力, 价格:431, 总笔数:43 逐笔量：26000,200,1500,2500,2700,1100,600,3300,5000,2500,4000,2500,4600,1600,10600,2000,20000,5000,20800,4000,13686,15600,2600,28700,2000,200,3000,500,20000,1600,1200,3100,2800,600,900,1000,4300,5000,6479,10000,20000,100,1000,
