2017-03-14 14:04:36.474 stock 方大炭素, 价格:954, 总笔数:39 逐笔量：407300,400,500000,3000,2700,300,800,200,3000,1000,200,2400,1000,200,800,33000,4700,500,100,900,1000,200,1900,500,100,800,300,4000,5700,1700,1000,1000,100,2900,2000,1000,800,600,1000,
2017-03-14 14:04:36.474 stock 方大炭素, 价格:955, 总笔数:48 逐笔量：28900,2000,500,200,2000,300,3500,1000,1000,900,1100,1000,1000,1000,300,1500,100,800,200,1000,900,1000,6600,2800,1000,100,500,70000,1100,700,2000,5000,1600,500,1000,500,300,1900,1000,2500,19900,3000,2000,1000,1000,300,1000,1000,
2017-03-14 14:04:49.676 stock 方大炭素, 价格:954, 总笔数:39 逐笔量：383900,400,500000,3000,2700,300,800,200,3000,200,2400,1000,200,800,33000,4700,500,100,900,1000,200,1900,500,100,800,300,4000,5700,1700,1000,1000,100,2900,2000,1000,800,600,1000,5000,
2017-03-14 14:04:49.676 stock 方大炭素, 价格:955, 总笔数:48 逐笔量：26900,2000,500,200,2000,300,3500,1000,1000,900,1100,1000,1000,1000,300,1500,100,800,200,1000,900,1000,6600,2800,1000,100,500,70000,1100,700,2000,5000,1600,500,1000,500,300,1900,1000,2500,19900,3000,2000,1000,1000,300,1000,1000,
2017-03-14 14:04:51.856 stock 方大炭素, 价格:954, 总笔数:40 逐笔量：383900,400,500000,3000,2700,300,800,200,3000,200,2400,1000,200,800,33000,4700,500,100,900,1000,200,1900,500,100,800,300,4000,5700,1700,1000,1000,100,2900,2000,1000,800,600,1000,5000,1000,
2017-03-14 14:04:51.857 stock 方大炭素, 价格:955, 总笔数:49 逐笔量：26900,2000,500,200,2000,300,3500,1000,1000,900,1100,1000,1000,1000,300,1500,100,800,200,1000,900,1000,6600,2800,1000,100,500,70000,1100,700,2000,5000,1600,500,1000,500,300,1900,1000,2500,19900,3000,2000,1000,1000,300,1000,1000,500,
2017-03-14 14:04:53.638 stock 方大炭素, 价格:954, 总笔数:40 逐笔量：383600,400,500000,3000,2700,300,800,200,3000,200,2400,1000,200,800,33000,4700,500,100,900,1000,200,1900,500,100,800,300,4000,5700,1700,1000,1000,100,2900,2000,1000,800,600,1000,5000,1000,
2017-03-14 14:04:53.638 stock 方大炭素, 价格:955, 总笔数:50 逐笔量：26900,2000,500,200,2000,300,3500,1000,1000,900,1100,1000,1000,1000,300,1500,100,800,200,1000,900,1000,6600,2800,1000,100,500,70000,1100,700,2000,5000,1600,500,1000,500,300,1900,1000,2500,19900,3000,2000,1000,1000,300,1000,1000,500,1100,
2017-03-14 14:04:55.385 stock 方大炭素, 价格:954, 总笔数:40 逐笔量：380800,400,500000,3000,2700,300,800,200,3000,200,2400,1000,200,800,33000,4700,500,100,900,1000,200,1900,500,100,800,300,4000,5700,1700,1000,1000,100,2900,2000,1000,800,600,1000,5000,1000,
2017-03-14 14:04:55.385 stock 方大炭素, 价格:955, 总笔数:50 逐笔量：23900,2000,500,200,2000,300,3500,1000,1000,900,1100,1000,1000,1000,300,1500,100,800,200,1000,900,1000,6600,2800,1000,100,500,70000,1100,700,2000,5000,1600,500,1000,500,300,1900,1000,2500,19900,3000,2000,1000,1000,300,1000,1000,500,1100,
2017-03-14 14:04:57.150 stock 方大炭素, 价格:954, 总笔数:39 逐笔量：379800,400,500000,3000,2700,300,800,200,3000,200,2400,1000,200,800,33000,4700,500,100,900,1000,200,1900,500,100,800,300,4000,5700,1700,1000,1000,100,2900,2000,1000,800,600,5000,1000,
2017-03-14 14:04:57.151 stock 方大炭素, 价格:955, 总笔数:50 逐笔量：23900,2000,500,200,2000,300,3500,1000,1000,900,1100,1000,1000,1000,300,1500,100,800,200,1000,900,1000,6600,2800,1000,100,500,70000,1100,700,2000,5000,1600,500,1000,500,300,1900,1000,2500,19900,3000,2000,1000,1000,300,1000,1000,500,1100,
2017-03-14 14:04:59.291 stock 方大炭素, 价格:954, 总笔数:39 逐笔量：339600,400,500000,3000,2700,300,800,200,3000,200,2400,1000,200,800,33000,4700,500,100,900,1000,200,1900,500,100,800,300,4000,5700,1700,1000,1000,100,2900,2000,1000,800,600,5000,1000,
2017-03-14 14:04:59.291 stock 方大炭素, 价格:955, 总笔数:50 逐笔量：23900,2000,500,200,2000,300,3500,1000,1000,900,1100,1000,1000,300,1500,100,800,200,1000,900,1000,6600,2800,1000,100,500,70000,1100,700,2000,5000,1600,500,1000,500,300,1900,1000,2500,19900,3000,2000,1000,1000,300,1000,1000,500,1100,100,
