2017-03-14 14:04:36.482 stock 中铁工业, 价格:1535, 总笔数:40 逐笔量：200,500,3100,8700,500,15000,300,200,1000,100,200,400,500,2000,400,400,500,500,200,500,6100,500,600,5000,800,400,100,200,700,10000,6900,1000,1000,1500,300,1000,1500,500,1700,400,
2017-03-14 14:04:36.483 stock 中铁工业, 价格:1536, 总笔数:1 逐笔量：5600,
2017-03-14 14:04:49.783 stock 中铁工业, 价格:1535, 总笔数:40 逐笔量：300,3100,8700,500,15000,300,200,1000,100,200,400,500,2000,400,400,500,500,200,500,6100,500,600,5000,800,400,100,200,700,10000,6900,1000,1000,1500,300,1000,1500,500,1700,400,1000,
2017-03-14 14:04:49.783 stock 中铁工业, 价格:1536, 总笔数:3 逐笔量：5400,1000,1300,
2017-03-14 14:04:52.038 stock 中铁工业, 价格:1535, 总笔数:40 逐笔量：300,3100,8700,500,15000,300,200,1000,100,200,400,500,2000,400,400,500,500,200,500,6100,500,600,5000,800,400,100,200,700,10000,6900,1000,1000,1500,300,1000,1500,500,1700,400,1000,
2017-03-14 14:04:52.038 stock 中铁工业, 价格:1536, 总笔数:5 逐笔量：5400,1000,1300,500,10000,
2017-03-14 14:04:53.741 stock 中铁工业, 价格:1535, 总笔数:39 逐笔量：2900,8700,500,15000,300,200,1000,100,200,400,500,2000,400,400,500,500,200,500,6100,500,600,5000,800,400,100,200,700,10000,6900,1000,1000,1500,300,1000,1500,500,1700,400,1000,
2017-03-14 14:04:53.742 stock 中铁工业, 价格:1536, 总笔数:6 逐笔量：5400,1000,1300,500,10000,5700,
2017-03-14 14:04:55.818 stock 中铁工业, 价格:1535, 总笔数:38 逐笔量：2900,500,15000,300,200,1000,100,200,400,500,2000,400,400,500,500,200,500,6100,500,600,5000,800,400,100,200,700,10000,6900,1000,1000,1500,300,1000,1500,500,1700,400,1000,
2017-03-14 14:04:55.818 stock 中铁工业, 价格:1536, 总笔数:6 逐笔量：5400,1000,1300,500,10000,5700,
2017-03-14 14:04:57.584 stock 中铁工业, 价格:1535, 总笔数:37 逐笔量：500,15000,300,200,1000,100,200,400,500,2000,400,400,500,500,200,500,6100,500,600,5000,800,400,100,200,700,10000,6900,1000,1000,1500,300,1000,1500,500,1700,400,1000,
2017-03-14 14:04:57.584 stock 中铁工业, 价格:1536, 总笔数:6 逐笔量：4900,1000,1300,500,10000,5700,
2017-03-14 14:04:59.456 stock 中铁工业, 价格:1535, 总笔数:37 逐笔量：500,15000,300,200,1000,100,200,400,500,2000,400,400,500,500,200,500,6100,500,600,5000,800,400,100,200,700,10000,6900,1000,1000,1500,300,1000,1500,500,1700,400,1000,
2017-03-14 14:04:59.456 stock 中铁工业, 价格:1536, 总笔数:7 逐笔量：3900,1000,1300,500,10000,5700,1000,
