2017-03-14 14:04:36.426 stock 青松建化, 价格:618, 总笔数:46 逐笔量：1000,10000,900,8100,5500,300,5000,1000,600,1000,700,500,500,10000,1000,3200,200,3000,1600,3000,1800,48200,3000,3000,13800,1000,900,1400,500,2200,100,700,2000,1500,8100,4000,1500,10000,300,2000,3100,1000,4000,20000,100,14400,
2017-03-14 14:04:36.426 stock 青松建化, 价格:619, 总笔数:2 逐笔量：39100,3000,
2017-03-14 14:04:49.673 stock 青松建化, 价格:618, 总笔数:47 逐笔量：1000,10000,900,8100,5500,300,5000,1000,600,1000,700,500,500,10000,1000,3200,200,3000,1600,3000,1800,48200,3000,3000,13800,1000,900,1400,500,2200,100,700,2000,1500,8100,4000,1500,10000,300,2000,3100,1000,4000,20000,100,14400,500,
2017-03-14 14:04:49.674 stock 青松建化, 价格:619, 总笔数:3 逐笔量：36200,3000,10000,
2017-03-14 14:04:51.851 stock 青松建化, 价格:618, 总笔数:47 逐笔量：1000,10000,900,8100,5500,300,5000,1000,600,1000,700,500,500,10000,1000,3200,200,3000,1600,3000,1800,48200,3000,3000,13800,1000,900,1400,500,2200,100,700,2000,1500,8100,4000,1500,10000,300,2000,3100,1000,4000,20000,100,14400,500,
2017-03-14 14:04:51.852 stock 青松建化, 价格:619, 总笔数:3 逐笔量：35200,3000,10000,
2017-03-14 14:04:53.621 stock 青松建化, 价格:618, 总笔数:50 逐笔量：1000,10000,900,8100,5500,300,5000,1000,600,1000,700,500,500,10000,1000,3200,200,3000,1600,3000,1800,48200,3000,3000,13800,1000,900,1400,500,2200,100,700,2000,1500,8100,4000,1500,10000,300,2000,3100,1000,4000,20000,100,14400,500,1000,200,2800,
2017-03-14 14:04:53.622 stock 青松建化, 价格:619, 总笔数:4 逐笔量：19100,3000,10000,1200,
2017-03-14 14:04:55.383 stock 青松建化, 价格:618, 总笔数:50 逐笔量：600,10000,900,8100,5500,300,5000,1000,600,1000,700,500,500,10000,1000,3200,200,3000,1600,3000,1800,48200,3000,3000,13800,1000,900,1400,500,2200,100,700,2000,1500,8100,4000,1500,10000,300,2000,3100,1000,4000,20000,100,14400,500,1000,200,2800,
2017-03-14 14:04:55.384 stock 青松建化, 价格:619, 总笔数:5 逐笔量：11400,3000,10000,1200,20000,
2017-03-14 14:04:57.120 stock 青松建化, 价格:618, 总笔数:50 逐笔量：600,10000,900,8100,5500,300,5000,1000,600,1000,700,500,500,10000,1000,3200,200,3000,1600,3000,1800,48200,3000,3000,13800,1000,900,1400,500,2200,100,700,2000,1500,8100,4000,1500,10000,300,2000,3100,1000,4000,20000,100,500,1000,200,2800,1400,
2017-03-14 14:04:57.121 stock 青松建化, 价格:619, 总笔数:4 逐笔量：7200,10000,1200,20000,
2017-03-14 14:04:59.287 stock 青松建化, 价格:618, 总笔数:50 逐笔量：600,10000,900,8100,5500,300,5000,1000,600,1000,700,500,500,10000,1000,3200,200,3000,1600,3000,48200,3000,3000,13800,1000,900,1400,500,2200,100,700,2000,1500,8100,4000,1500,10000,300,2000,3100,1000,4000,20000,100,500,1000,200,2800,1400,600,
2017-03-14 14:04:59.287 stock 青松建化, 价格:619, 总笔数:1 逐笔量：12900,
