2017-03-14 14:04:36.330 stock 宏达股份, 价格:663, 总笔数:49 逐笔量：5000,500,1000,500,300,20000,700,700,1100,1300,200,100,200,900,10000,600,1000,10000,400,200,5000,200,800,100,500,100,7600,2200,3100,700,2500,1000,1800,1600,1000,2000,600,10000,500,700,5000,1300,900,500,500,4700,4200,4600,10000,
2017-03-14 14:04:36.330 stock 宏达股份, 价格:664, 总笔数:22 逐笔量：68100,1100,700,4200,2000,7000,500,1700,600,2000,500,800,13300,9100,500,500,2700,13000,10000,50000,1500,100,
2017-03-14 14:04:49.341 stock 宏达股份, 价格:663, 总笔数:49 逐笔量：2100,500,1000,500,300,20000,700,700,1100,1300,200,100,200,900,10000,600,1000,10000,400,200,5000,200,800,100,500,100,7600,2200,3100,700,2500,1000,1800,1600,1000,2000,600,10000,500,700,5000,1300,900,500,500,4700,4200,4600,10000,
2017-03-14 14:04:49.341 stock 宏达股份, 价格:664, 总笔数:22 逐笔量：68100,1100,700,4200,2000,7000,500,1700,600,2000,500,800,13300,9100,500,500,2700,13000,10000,50000,1500,100,
2017-03-14 14:04:53.272 stock 宏达股份, 价格:663, 总笔数:50 逐笔量：2100,500,1000,500,300,20000,700,700,1100,1300,200,100,200,900,10000,600,1000,10000,400,200,5000,200,800,100,500,100,7600,2200,3100,700,2500,1000,1800,1600,1000,2000,600,10000,500,700,5000,1300,900,500,500,4700,4200,4600,10000,1800,
2017-03-14 14:04:53.272 stock 宏达股份, 价格:664, 总笔数:22 逐笔量：68100,1100,700,4200,2000,7000,500,1700,600,2000,500,800,13300,9100,500,500,2700,13000,10000,50000,1500,100,
2017-03-14 14:04:55.204 stock 宏达股份, 价格:663, 总笔数:50 逐笔量：2100,500,1000,500,300,20000,700,700,1100,1300,200,100,200,900,10000,600,1000,10000,400,200,5000,200,800,100,500,100,7600,2200,3100,700,2500,1000,1800,1600,1000,2000,600,10000,500,700,5000,1300,900,500,500,4700,4200,4600,10000,1800,
2017-03-14 14:04:55.204 stock 宏达股份, 价格:664, 总笔数:21 逐笔量：68100,1100,700,4200,7000,500,1700,600,2000,500,800,13300,9100,500,500,2700,13000,10000,50000,1500,100,
2017-03-14 14:04:57.341 stock 宏达股份, 价格:663, 总笔数:50 逐笔量：2100,500,1000,500,300,20000,700,700,1100,1300,200,100,200,900,10000,600,1000,10000,400,200,5000,200,800,100,500,100,7600,2200,3100,700,2500,1000,1800,1600,1000,2000,600,10000,500,700,5000,1300,900,500,500,4700,4200,4600,10000,1800,
2017-03-14 14:04:57.341 stock 宏达股份, 价格:664, 总笔数:21 逐笔量：68100,1100,700,4200,7000,500,1700,600,2000,500,800,13300,9100,500,500,2700,13000,10000,50000,1500,100,
2017-03-14 14:04:59.134 stock 宏达股份, 价格:663, 总笔数:50 逐笔量：2100,500,1000,500,300,20000,700,700,1100,1300,200,100,200,900,10000,600,1000,10000,400,200,5000,200,800,100,500,100,7600,2200,3100,700,2500,1000,1800,1600,1000,2000,600,10000,500,700,5000,1300,900,500,500,4700,4200,4600,10000,1800,
2017-03-14 14:04:59.134 stock 宏达股份, 价格:664, 总笔数:21 逐笔量：68100,1100,700,4200,7000,500,1700,600,2000,500,800,13300,9100,500,500,2700,13000,10000,50000,1500,100,
