2017-03-14 14:04:36.411 stock 抚顺特钢, 价格:743, 总笔数:50 逐笔量：24900,1800,1500,200,1000,1000,1000,2000,3000,1500,1000,100,200,1800,100,600,500,1000,2000,1000,1500,100,1000,8000,10000,25000,3000,1700,1000,25000,1000,300,1000,1000,20000,2000,5000,3100,2000,11300,2100,500,200,500,1400,100,4000,1000,500,3100,
2017-03-14 14:04:36.412 stock 抚顺特钢, 价格:744, 总笔数:4 逐笔量：1256,2500,5000,1500,
2017-03-14 14:04:49.584 stock 抚顺特钢, 价格:743, 总笔数:50 逐笔量：24900,1800,1500,200,1000,1000,1000,2000,3000,1500,1000,100,200,1800,100,600,500,1000,2000,1000,1500,100,1000,8000,10000,25000,3000,1700,1000,25000,1000,300,1000,1000,20000,2000,5000,3100,2000,11300,2100,500,200,500,1400,100,4000,1000,500,3100,
2017-03-14 14:04:49.585 stock 抚顺特钢, 价格:744, 总笔数:4 逐笔量：1256,2500,5000,1500,
2017-03-14 14:04:51.600 stock 抚顺特钢, 价格:743, 总笔数:50 逐笔量：24900,1800,1500,200,1000,1000,1000,2000,3000,1500,1000,100,200,1800,100,600,500,1000,2000,1000,1500,100,1000,8000,10000,25000,3000,1700,1000,25000,1000,300,1000,1000,20000,2000,5000,3100,2000,11300,2100,500,200,500,1400,100,4000,1000,500,3100,
2017-03-14 14:04:51.600 stock 抚顺特钢, 价格:744, 总笔数:4 逐笔量：2256,5000,1500,3000,
2017-03-14 14:04:53.532 stock 抚顺特钢, 价格:743, 总笔数:50 逐笔量：24900,1800,1500,200,1000,1000,1000,2000,3000,1500,1000,100,200,1800,100,600,500,1000,2000,1000,1500,100,1000,8000,10000,25000,3000,1700,1000,25000,1000,300,1000,1000,20000,2000,5000,3100,2000,11300,2100,500,200,500,1400,100,4000,1000,500,3100,
2017-03-14 14:04:53.532 stock 抚顺特钢, 价格:744, 总笔数:4 逐笔量：2256,5000,1500,3000,
2017-03-14 14:04:55.670 stock 抚顺特钢, 价格:743, 总笔数:50 逐笔量：24900,1800,1500,200,1000,1000,1000,2000,3000,1500,1000,100,200,1800,100,600,500,1000,2000,1000,1500,100,1000,8000,10000,25000,3000,1700,1000,25000,1000,300,1000,1000,20000,2000,5000,3100,2000,11300,2100,500,200,500,1400,100,4000,1000,500,3100,
2017-03-14 14:04:55.671 stock 抚顺特钢, 价格:744, 总笔数:4 逐笔量：2256,5000,1500,3000,
2017-03-14 14:04:56.976 stock 抚顺特钢, 价格:743, 总笔数:50 逐笔量：24900,1800,1500,200,1000,1000,1000,2000,3000,1500,1000,100,200,1800,100,600,500,1000,2000,1000,1500,100,1000,8000,10000,25000,3000,1700,1000,25000,1000,300,1000,1000,20000,2000,5000,3100,2000,11300,2100,500,200,500,1400,100,4000,1000,500,3100,
2017-03-14 14:04:56.977 stock 抚顺特钢, 价格:744, 总笔数:4 逐笔量：2256,5000,1500,3000,
2017-03-14 14:04:59.084 stock 抚顺特钢, 价格:743, 总笔数:50 逐笔量：24900,1800,1500,200,1000,1000,1000,2000,3000,1500,1000,100,200,1800,100,600,500,1000,2000,1000,1500,100,1000,8000,10000,25000,3000,1700,1000,25000,1000,300,1000,1000,20000,2000,5000,3100,2000,11300,2100,500,200,500,1400,100,4000,1000,500,3100,
2017-03-14 14:04:59.084 stock 抚顺特钢, 价格:744, 总笔数:5 逐笔量：2256,5000,1500,3000,27400,
