2017-03-14 14:04:36.522 stock 天地科技, 价格:514, 总笔数:50 逐笔量：1400,8000,800,2000,2000,1000,100,2000,2000,2000,3600,2500,1000,200,300,500,1000,200,1000,1500,1000,2300,3000,100,2000,10000,10000,200,200,20000,1000,200,500,2000,10000,2000,20000,7000,1000,1000,1000,100,2000,6800,2000,10900,1000,1700,500,3000,
2017-03-14 14:04:36.522 stock 天地科技, 价格:515, 总笔数:1 逐笔量：400,
2017-03-14 14:04:49.591 stock 天地科技, 价格:514, 总笔数:50 逐笔量：1300,8000,800,2000,2000,1000,100,2000,2000,2000,3600,2500,1000,200,300,500,1000,200,1000,1500,1000,2300,3000,100,2000,10000,10000,200,200,20000,1000,200,500,2000,10000,2000,20000,7000,1000,1000,1000,100,2000,6800,2000,10900,1000,1700,500,3000,
2017-03-14 14:04:49.591 stock 天地科技, 价格:515, 总笔数:1 逐笔量：400,
2017-03-14 14:04:51.610 stock 天地科技, 价格:514, 总笔数:50 逐笔量：1300,8000,800,2000,2000,1000,100,2000,2000,2000,3600,2500,1000,200,300,500,1000,200,1000,1500,1000,2300,3000,100,2000,10000,10000,200,200,20000,1000,200,500,2000,10000,2000,20000,7000,1000,1000,1000,100,2000,6800,2000,10900,1000,1700,500,3000,
2017-03-14 14:04:51.611 stock 天地科技, 价格:515, 总笔数:1 逐笔量：400,
2017-03-14 14:04:53.548 stock 天地科技, 价格:514, 总笔数:50 逐笔量：1300,8000,800,2000,2000,1000,100,2000,2000,2000,3600,2500,1000,200,300,500,1000,200,1000,1500,1000,2300,3000,100,2000,10000,10000,200,200,20000,1000,200,500,2000,10000,2000,20000,7000,1000,1000,1000,100,2000,6800,2000,10900,1000,1700,500,3000,
2017-03-14 14:04:53.548 stock 天地科技, 价格:515, 总笔数:2 逐笔量：400,1600,
2017-03-14 14:04:55.698 stock 天地科技, 价格:514, 总笔数:50 逐笔量：4900,800,2000,2000,1000,100,2000,2000,2000,3600,2500,1000,200,300,500,1000,200,1000,1500,1000,2300,3000,100,2000,10000,10000,200,200,20000,1000,200,500,2000,10000,2000,20000,7000,1000,1000,1000,100,2000,6800,2000,10900,1000,1700,500,3000,1500,
2017-03-14 14:04:55.699 stock 天地科技, 价格:515, 总笔数:3 逐笔量：1400,4300,300,
2017-03-14 14:04:57.026 stock 天地科技, 价格:515, 总笔数:2 逐笔量：9000,15800,
2017-03-14 14:04:57.027 stock 天地科技, 价格:516, 总笔数:19 逐笔量：86000,2000,2000,500,4400,1000,100,3500,700,300,48000,1500,55300,1500,300,1000,5000,1500,2000,
2017-03-14 14:04:59.092 stock 天地科技, 价格:515, 总笔数:1 逐笔量：4800,
2017-03-14 14:04:59.092 stock 天地科技, 价格:516, 总笔数:19 逐笔量：86000,2000,2000,500,4400,1000,100,3500,700,300,48000,1500,55300,1500,300,1000,5000,1500,2000,
