2017-03-14 14:04:36.184 stock 生益科技, 价格:1332, 总笔数:50 逐笔量：500,300,700,1500,300,3000,500,1000,800,10000,5000,2000,500,700,2900,1400,800,1000,800,1000,500,2000,1000,500,2000,700,1000,300,22900,200,1500,400,500,10000,200,300,1000,1000,1700,500,700,2000,400,300,500,300,500,1300,300,100,
2017-03-14 14:04:36.184 stock 生益科技, 价格:1333, 总笔数:1 逐笔量：698,
2017-03-14 14:04:49.640 stock 生益科技, 价格:1333, 总笔数:1 逐笔量：2402,
2017-03-14 14:04:49.640 stock 生益科技, 价格:1334, 总笔数:8 逐笔量：6522,5000,1000,2500,1200,2000,500,500,
2017-03-14 14:04:51.799 stock 生益科技, 价格:1332, 总笔数:50 逐笔量：200,700,1500,300,3000,500,1000,800,10000,5000,2000,500,700,2900,1400,800,1000,800,1000,500,2000,1000,500,2000,700,1000,300,22900,200,1500,400,500,10000,200,300,1000,1000,1700,500,700,2000,400,300,500,300,500,1300,300,100,4700,
2017-03-14 14:04:51.800 stock 生益科技, 价格:1333, 总笔数:2 逐笔量：198,100,
2017-03-14 14:04:53.602 stock 生益科技, 价格:1332, 总笔数:50 逐笔量：200,700,1500,300,3000,500,1000,800,10000,5000,2000,500,700,2900,1400,800,1000,800,1000,500,2000,1000,500,2000,700,1000,300,22900,200,1500,400,500,10000,200,300,1000,1000,1700,500,700,2000,400,300,500,300,500,1300,300,100,4700,
2017-03-14 14:04:53.602 stock 生益科技, 价格:1333, 总笔数:3 逐笔量：198,100,700,
2017-03-14 14:04:55.337 stock 生益科技, 价格:1332, 总笔数:50 逐笔量：900,300,3000,500,1000,800,10000,5000,2000,500,700,2900,1400,800,1000,800,1000,500,2000,1000,500,2000,700,1000,300,22900,200,1500,400,500,10000,200,300,1000,1000,1700,500,700,2000,400,300,500,300,500,1300,300,100,4700,800,1000,
2017-03-14 14:04:55.337 stock 生益科技, 价格:1333, 总笔数:4 逐笔量：198,100,700,5000,
2017-03-14 14:04:57.098 stock 生益科技, 价格:1332, 总笔数:50 逐笔量：900,300,3000,500,1000,800,10000,5000,2000,500,700,2900,1400,800,1000,800,1000,500,2000,1000,500,2000,700,1000,300,22900,200,1500,400,500,10000,200,300,1000,1000,1700,500,700,2000,400,300,500,300,500,1300,300,100,4700,800,1000,
2017-03-14 14:04:57.099 stock 生益科技, 价格:1333, 总笔数:4 逐笔量：4498,2900,200,1100,
2017-03-14 14:04:59.260 stock 生益科技, 价格:1332, 总笔数:50 逐笔量：900,300,3000,500,1000,800,10000,5000,2000,500,700,2900,1400,800,1000,800,1000,500,2000,1000,500,2000,700,1000,300,22900,200,1500,400,500,10000,200,300,1000,1000,1700,500,700,2000,400,300,500,300,500,1300,300,100,4700,800,1000,
2017-03-14 14:04:59.260 stock 生益科技, 价格:1333, 总笔数:6 逐笔量：2798,2900,200,1100,200,800,
