2017-03-14 14:04:36.014 stock 宝钢股份, 价格:689, 总笔数:5 逐笔量：11361,100000,200,500,50000,
2017-03-14 14:04:36.014 stock 宝钢股份, 价格:690, 总笔数:43 逐笔量：5881,12380,2500,600,2100,2300,2400,200,600,100,168,200,500,1000,1000,1000,400,1000,3100,7200,300,13700,1000,800,1060,300,3600,1000,1200,3000,2400,500,600,1000,2500,300,9500,2800,7500,2000,10000,1500,5228,
2017-03-14 14:04:49.291 stock 宝钢股份, 价格:689, 总笔数:5 逐笔量：92961,200,500,50000,2300,
2017-03-14 14:04:49.291 stock 宝钢股份, 价格:690, 总笔数:48 逐笔量：5881,12380,2500,600,2100,2300,2400,200,600,100,168,200,500,1000,1000,1000,400,1000,3100,7200,300,13700,1000,800,1060,300,3600,1000,1200,3000,2400,500,600,1000,2500,300,9500,2800,7500,2000,10000,1500,5228,3000,2500,1000,1000,21900,
2017-03-14 14:04:51.640 stock 宝钢股份, 价格:689, 总笔数:6 逐笔量：82261,200,500,50000,2300,5000,
2017-03-14 14:04:51.641 stock 宝钢股份, 价格:690, 总笔数:48 逐笔量：5881,12380,2500,600,2100,2300,2400,200,600,100,168,200,500,1000,1000,1000,400,1000,3100,7200,300,13700,1000,800,1060,300,3600,1000,1200,3000,2400,500,600,1000,2500,300,9500,2800,7500,2000,10000,1500,5228,3000,2500,1000,1000,21900,
2017-03-14 14:04:53.228 stock 宝钢股份, 价格:689, 总笔数:6 逐笔量：82261,200,500,50000,2300,5000,
2017-03-14 14:04:53.228 stock 宝钢股份, 价格:690, 总笔数:49 逐笔量：5881,12380,2500,600,2100,2300,2400,200,600,100,168,200,500,1000,1000,1000,400,1000,3100,7200,300,13700,1000,800,1060,300,3600,1000,1200,3000,2400,500,600,1000,2500,300,9500,2800,7500,2000,10000,1500,5228,3000,2500,1000,1000,21900,2200,
2017-03-14 14:04:53.228 stock 宝钢股份, 价格:689, 总笔数:7 逐笔量：77061,200,500,50000,2300,5000,100,
2017-03-14 14:04:53.228 stock 宝钢股份, 价格:690, 总笔数:49 逐笔量：5881,12380,2500,600,2100,2300,2400,200,600,100,168,200,500,1000,1000,1000,400,1000,3100,7200,300,13700,1000,800,1060,300,3600,1000,1200,3000,2400,500,600,1000,2500,300,9500,2800,7500,2000,10000,1500,5228,3000,2500,1000,1000,21900,2200,
2017-03-14 14:04:55.158 stock 宝钢股份, 价格:689, 总笔数:7 逐笔量：77061,200,500,50000,2300,5000,100,
2017-03-14 14:04:55.159 stock 宝钢股份, 价格:690, 总笔数:50 逐笔量：5881,12380,2500,600,2100,2300,2400,200,600,100,168,200,500,1000,1000,1000,400,1000,3100,7200,300,13700,1000,800,1060,300,3600,1000,1200,3000,2400,500,600,1000,2500,300,9500,2800,7500,2000,10000,1500,5228,3000,2500,1000,1000,21900,2200,1100,
2017-03-14 14:04:57.307 stock 宝钢股份, 价格:689, 总笔数:7 逐笔量：77061,200,500,50000,2300,5000,100,
2017-03-14 14:04:57.307 stock 宝钢股份, 价格:690, 总笔数:50 逐笔量：5881,12380,2500,600,2100,2300,2400,200,600,100,168,200,500,1000,1000,1000,400,1000,3100,7200,300,13700,1000,800,1060,300,3600,1000,1200,3000,2400,500,600,1000,2500,300,9500,2800,7500,2000,10000,1500,5228,3000,2500,1000,1000,21900,2200,1100,
2017-03-14 14:04:59.118 stock 宝钢股份, 价格:689, 总笔数:8 逐笔量：76061,200,500,50000,2300,5000,100,1000,
2017-03-14 14:04:59.118 stock 宝钢股份, 价格:690, 总笔数:50 逐笔量：5881,12380,2500,600,2100,2300,2400,200,600,100,168,200,500,1000,1000,1000,400,1000,3100,7200,300,13700,1000,800,1060,300,3600,1000,1200,3000,2400,500,600,1000,2500,300,9500,2800,7500,2000,10000,1500,5228,3000,2500,1000,1000,21900,2200,1100,
