2017-03-14 14:04:36.019 stock 中信证券, 价格:1634, 总笔数:40 逐笔量：2604,200,300,2800,4900,4500,10000,2000,1000,500,900,500,1500,1000,10000,1300,2000,5000,600,500,19900,30000,1000,1000,1400,100,500,3100,100,3000,1000,1700,1600,200,600,100,100,10000,12600,200,
2017-03-14 14:04:36.020 stock 中信证券, 价格:1635, 总笔数:12 逐笔量：122144,3500,99500,700,1000,2000,1000,700,1000,500,2000,5000,
2017-03-14 14:04:49.635 stock 中信证券, 价格:1634, 总笔数:35 逐笔量：1704,10000,2000,1000,500,900,500,1500,1000,10000,1300,2000,5000,600,500,19900,30000,1000,1000,1400,100,500,3100,100,3000,1000,1700,1600,200,600,100,100,10000,12600,200,
2017-03-14 14:04:49.635 stock 中信证券, 价格:1635, 总笔数:12 逐笔量：122044,3500,99500,700,1000,2000,1000,700,1000,500,2000,5000,
2017-03-14 14:04:51.771 stock 中信证券, 价格:1634, 总笔数:35 逐笔量：1404,10000,2000,1000,500,900,500,1500,1000,10000,1300,2000,5000,600,500,19900,30000,1000,1000,1400,100,500,3100,100,3000,1000,1700,1600,200,600,100,100,10000,12600,200,
2017-03-14 14:04:51.771 stock 中信证券, 价格:1635, 总笔数:12 逐笔量：122044,3500,99500,700,1000,2000,1000,700,1000,500,2000,5000,
2017-03-14 14:04:53.581 stock 中信证券, 价格:1634, 总笔数:35 逐笔量：1404,10000,2000,1000,500,900,500,1500,1000,10000,1300,2000,5000,600,500,19900,30000,1000,1000,1400,100,500,3100,100,3000,1000,1700,1600,200,600,100,100,10000,12600,200,
2017-03-14 14:04:53.581 stock 中信证券, 价格:1635, 总笔数:12 逐笔量：120244,3500,99500,700,1000,2000,1000,700,1000,500,2000,5000,
2017-03-14 14:04:55.332 stock 中信证券, 价格:1634, 总笔数:20 逐笔量：4,30000,1000,1000,1400,100,500,3100,100,3000,1000,1700,1600,200,600,100,100,10000,12600,200,
2017-03-14 14:04:55.332 stock 中信证券, 价格:1635, 总笔数:13 逐笔量：120244,3500,99500,700,1000,2000,1000,700,1000,500,2000,5000,2000,
2017-03-14 14:04:57.067 stock 中信证券, 价格:1634, 总笔数:18 逐笔量：4,1000,1000,1400,100,500,3100,100,3000,1000,1700,1600,200,600,100,100,10000,200,
2017-03-14 14:04:57.068 stock 中信证券, 价格:1635, 总笔数:13 逐笔量：15244,3500,99500,700,1000,2000,1000,700,1000,500,2000,5000,2000,
2017-03-14 14:04:59.255 stock 中信证券, 价格:1634, 总笔数:15 逐笔量：1104,100,500,3100,100,3000,1000,1700,1600,200,600,100,100,10000,200,
2017-03-14 14:04:59.255 stock 中信证券, 价格:1635, 总笔数:13 逐笔量：2144,3500,99500,700,1000,2000,1000,700,1000,500,2000,5000,2000,
