2017-03-14 14:04:36.201 stock 国中水务, 价格:598, 总笔数:50 逐笔量：300,1000,2000,2100,1000,1000,5000,3000,1000,6000,1000,9100,1000,1000,500,200,500,18600,2000,1000,300,500,4600,1500,1000,1000,2000,500,100,300,2300,200,500,5000,6000,2000,2000,500,3000,3000,1000,100,300,3500,2000,300,200,1900,1400,100,
2017-03-14 14:04:36.201 stock 国中水务, 价格:599, 总笔数:11 逐笔量：27350,4500,23700,40000,4000,2100,11200,1000,2000,3200,10000,
2017-03-14 14:04:49.742 stock 国中水务, 价格:598, 总笔数:50 逐笔量：300,1000,2000,2100,1000,1000,5000,3000,1000,6000,1000,9100,1000,1000,500,200,500,18600,2000,1000,300,500,4600,1500,1000,1000,2000,500,100,300,2300,200,500,5000,6000,2000,2000,500,3000,3000,1000,100,300,3500,2000,300,200,1900,1400,100,
2017-03-14 14:04:49.742 stock 国中水务, 价格:599, 总笔数:12 逐笔量：27350,4500,23700,40000,4000,2100,11200,1000,2000,3200,10000,1000,
2017-03-14 14:04:52.009 stock 国中水务, 价格:598, 总笔数:50 逐笔量：300,1000,2000,2100,1000,1000,5000,3000,1000,6000,1000,9100,1000,1000,500,200,500,18600,2000,1000,300,500,4600,1500,1000,1000,2000,500,100,300,2300,200,500,5000,6000,2000,2000,500,3000,3000,1000,100,300,3500,2000,300,200,1900,1400,100,
2017-03-14 14:04:52.009 stock 国中水务, 价格:599, 总笔数:12 逐笔量：27250,4500,23700,40000,4000,2100,11200,1000,2000,3200,10000,1000,
2017-03-14 14:04:53.710 stock 国中水务, 价格:598, 总笔数:50 逐笔量：500,2100,1000,1000,5000,3000,1000,6000,1000,9100,1000,1000,500,200,500,18600,2000,1000,300,500,4600,1500,1000,1000,2000,500,100,300,2300,200,500,5000,6000,2000,2000,500,3000,3000,1000,100,300,3500,2000,300,200,1900,1400,100,2500,3800,
2017-03-14 14:04:53.710 stock 国中水务, 价格:599, 总笔数:17 逐笔量：27250,4500,23700,40000,4000,2100,11200,1000,2000,3200,10000,1000,4500,1900,10100,12000,75200,
2017-03-14 14:04:55.773 stock 国中水务, 价格:598, 总笔数:50 逐笔量：5600,1000,9100,1000,1000,500,200,500,18600,2000,1000,300,500,4600,1500,1000,1000,2000,500,100,300,2300,200,500,5000,6000,2000,2000,500,3000,3000,1000,100,300,3500,2000,300,200,1900,1400,100,2500,3800,1000,400,500,100,1000,300,1500,
2017-03-14 14:04:55.773 stock 国中水务, 价格:599, 总笔数:20 逐笔量：26250,4500,23700,40000,4000,2100,11200,1000,2000,3200,10000,1000,4500,1900,10100,12000,75200,2000,1000,5100,
2017-03-14 14:04:57.551 stock 国中水务, 价格:598, 总笔数:50 逐笔量：5600,1000,9100,1000,1000,500,200,500,18600,2000,1000,300,500,4600,1500,1000,1000,2000,500,100,300,2300,200,500,5000,6000,2000,2000,500,3000,3000,1000,100,300,3500,2000,300,200,1900,1400,100,2500,3800,1000,400,500,100,1000,300,1500,
2017-03-14 14:04:57.551 stock 国中水务, 价格:599, 总笔数:22 逐笔量：26250,4500,23700,40000,4000,2100,1000,2000,3200,10000,1000,4500,1900,10100,12000,75200,2000,1000,5100,1200,2000,5600,
2017-03-14 14:04:57.552 stock 国中水务, 价格:598, 总笔数:50 逐笔量：5600,1000,9100,1000,1000,500,200,500,18600,2000,1000,300,500,4600,1500,1000,1000,2000,500,100,300,2300,200,500,5000,6000,2000,2000,500,3000,3000,1000,100,300,3500,2000,300,200,1900,1400,100,2500,3800,1000,400,500,100,1000,300,1500,
2017-03-14 14:04:57.552 stock 国中水务, 价格:599, 总笔数:22 逐笔量：26250,4500,23700,40000,4000,2100,1000,2000,3200,10000,1000,4500,1900,10100,12000,75200,2000,1000,5100,1200,2000,5600,
2017-03-14 14:04:59.423 stock 国中水务, 价格:598, 总笔数:50 逐笔量：5600,1000,9100,1000,1000,500,200,500,18600,2000,1000,300,500,4600,1500,1000,1000,2000,500,100,300,2300,200,500,5000,6000,2000,2000,500,3000,3000,1000,100,300,3500,2000,300,200,1900,1400,100,2500,3800,1000,400,500,100,1000,300,1500,
2017-03-14 14:04:59.423 stock 国中水务, 价格:599, 总笔数:18 逐笔量：25950,4000,2100,1000,2000,3200,10000,1000,4500,1900,12000,75200,2000,1000,5100,1200,2000,5600,
