2017-03-14 14:04:36.491 stock 新疆城建, 价格:1210, 总笔数:1 逐笔量：1100,
2017-03-14 14:04:36.492 stock 新疆城建, 价格:1211, 总笔数:50 逐笔量：6800,1000,900,300,500,1000,1300,600,1000,200,3000,1000,1000,200,1000,100,200,2000,300,300,400,1000,3000,3000,300,2000,100,3000,500,1000,400,300,2000,2000,10000,800,400,200,100,200,500,1000,1500,500,2000,30400,2700,1000,500,20000,
2017-03-14 14:04:49.590 stock 新疆城建, 价格:1210, 总笔数:3 逐笔量：100,38300,500,
2017-03-14 14:04:49.591 stock 新疆城建, 价格:1211, 总笔数:50 逐笔量：6800,1000,900,300,500,1000,1300,600,1000,200,3000,1000,1000,200,1000,100,200,2000,300,300,400,1000,3000,3000,300,2000,100,3000,500,1000,400,300,2000,2000,10000,800,400,200,100,200,500,1000,1500,500,2000,30400,2700,1000,500,20000,
2017-03-14 14:04:51.608 stock 新疆城建, 价格:1210, 总笔数:2 逐笔量：38200,500,
2017-03-14 14:04:51.609 stock 新疆城建, 价格:1211, 总笔数:50 逐笔量：6800,1000,900,300,500,1000,1300,600,1000,200,3000,1000,1000,200,1000,100,200,2000,300,300,400,1000,3000,3000,300,2000,100,3000,500,1000,400,300,2000,2000,10000,800,400,200,100,200,500,1000,1500,500,2000,30400,2700,1000,500,20000,
2017-03-14 14:04:53.548 stock 新疆城建, 价格:1210, 总笔数:4 逐笔量：38200,500,2000,900,
2017-03-14 14:04:53.548 stock 新疆城建, 价格:1211, 总笔数:50 逐笔量：6800,1000,900,300,500,1000,1300,600,1000,200,3000,1000,1000,200,1000,100,200,2000,300,300,400,1000,3000,3000,300,2000,100,3000,500,1000,400,300,2000,2000,10000,800,400,200,100,200,500,1000,1500,500,2000,30400,2700,1000,500,20000,
2017-03-14 14:04:55.696 stock 新疆城建, 价格:1210, 总笔数:4 逐笔量：31500,500,2000,900,
2017-03-14 14:04:55.696 stock 新疆城建, 价格:1211, 总笔数:50 逐笔量：6800,1000,900,300,500,1000,1300,600,1000,200,3000,1000,1000,200,1000,100,200,2000,300,300,400,1000,3000,3000,300,2000,100,3000,500,1000,400,300,2000,2000,10000,800,400,200,100,200,500,1000,1500,500,2000,30400,2700,1000,500,20000,
2017-03-14 14:04:57.025 stock 新疆城建, 价格:1210, 总笔数:4 逐笔量：28500,500,2000,900,
2017-03-14 14:04:57.025 stock 新疆城建, 价格:1211, 总笔数:50 逐笔量：6800,1000,900,300,500,1000,1300,600,1000,200,3000,1000,1000,200,1000,100,200,2000,300,300,400,1000,3000,3000,300,2000,100,3000,500,1000,400,300,2000,2000,10000,800,400,200,100,200,500,1000,1500,500,2000,30400,2700,1000,500,20000,
2017-03-14 14:04:59.091 stock 新疆城建, 价格:1210, 总笔数:4 逐笔量：25500,500,2000,900,
2017-03-14 14:04:59.091 stock 新疆城建, 价格:1211, 总笔数:50 逐笔量：6800,1000,900,300,500,1000,1300,600,1000,200,3000,1000,1000,200,1000,100,200,2000,300,300,400,1000,3000,3000,300,2000,100,3000,500,1000,400,300,2000,2000,10000,800,400,200,100,200,500,1000,1500,500,2000,30400,2700,1000,500,20000,
