2017-03-14 14:04:36.069 stock 大名城, 价格:842, 总笔数:4 逐笔量：3900,100,2200,200,
2017-03-14 14:04:36.069 stock 大名城, 价格:843, 总笔数:49 逐笔量：5958,2000,500,1600,400,1000,700,1200,1200,900,15700,6300,4000,200000,500,3000,1400,1000,5000,400,1100,1200,1200,700,400,1000,5000,5000,3000,900,10000,1000,400,1200,1000,1200,700,1000,3000,570,1000,600,600,10000,800,2000,2000,400,2000,
2017-03-14 14:04:49.225 stock 大名城, 价格:841, 总笔数:50 逐笔量：9600,20000,300,1000,2000,2000,1400,5000,3000,3100,20000,20000,5000,20000,1000,2000,1200,500,500,1000,5800,4000,6700,2000,100,6100,1400,3000,500,10000,100,1000,100,700,1100,6000,1000,1400,3000,1000,700,2400,5000,900,1000,10000,1000,1000,200,3000,
2017-03-14 14:04:49.225 stock 大名城, 价格:842, 总笔数:1 逐笔量：1700,
2017-03-14 14:04:51.918 stock 大名城, 价格:841, 总笔数:50 逐笔量：9600,20000,300,1000,2000,2000,1400,5000,3000,3100,20000,20000,5000,20000,1000,2000,1200,500,500,1000,5800,4000,6700,2000,100,6100,1400,3000,500,10000,100,1000,100,700,1100,6000,1000,1400,3000,1000,700,2400,5000,900,1000,10000,1000,1000,200,3000,
2017-03-14 14:04:51.918 stock 大名城, 价格:842, 总笔数:2 逐笔量：1100,3000,
2017-03-14 14:04:51.919 stock 大名城, 价格:841, 总笔数:50 逐笔量：9600,20000,300,1000,2000,2000,1400,5000,3000,3100,20000,20000,5000,20000,1000,2000,1200,500,500,1000,5800,4000,6700,2000,100,6100,1400,3000,500,10000,100,1000,100,700,1100,6000,1000,1400,3000,1000,700,2400,5000,900,1000,10000,1000,1000,200,3000,
2017-03-14 14:04:51.919 stock 大名城, 价格:842, 总笔数:2 逐笔量：1100,3000,
2017-03-14 14:04:53.331 stock 大名城, 价格:841, 总笔数:50 逐笔量：9600,20000,300,1000,2000,2000,1400,5000,3000,3100,20000,20000,5000,20000,1000,2000,1200,500,500,1000,5800,4000,6700,2000,100,6100,1400,3000,500,10000,100,1000,100,700,1100,6000,1000,1400,3000,1000,700,2400,5000,900,1000,10000,1000,1000,200,3000,
2017-03-14 14:04:53.331 stock 大名城, 价格:842, 总笔数:3 逐笔量：1100,3000,7500,
2017-03-14 14:04:55.249 stock 大名城, 价格:841, 总笔数:50 逐笔量：9600,20000,300,1000,2000,2000,1400,5000,3000,3100,20000,20000,5000,20000,1000,2000,1200,500,500,1000,5800,4000,6700,2000,100,6100,1400,3000,500,10000,100,1000,100,700,1100,6000,1000,1400,3000,1000,700,2400,5000,900,1000,10000,1000,1000,200,3000,
2017-03-14 14:04:55.250 stock 大名城, 价格:842, 总笔数:2 逐笔量：2800,7500,
2017-03-14 14:04:59.343 stock 大名城, 价格:841, 总笔数:50 逐笔量：9600,20000,300,1000,2000,2000,1400,5000,3000,3100,20000,20000,5000,20000,1000,2000,1200,500,500,1000,5800,4000,6700,2000,100,6100,1400,3000,500,10000,100,1000,100,700,1100,6000,1000,1400,3000,1000,700,2400,5000,900,1000,10000,1000,1000,200,3000,
2017-03-14 14:04:59.343 stock 大名城, 价格:842, 总笔数:2 逐笔量：2100,7500,
