2017-03-14 14:04:36.027 stock 中国联通, 价格:743, 总笔数:15 逐笔量：94900,200,4400,800,1000,300,3700,500,5000,400,13300,1200,300,1000,100,
2017-03-14 14:04:36.027 stock 中国联通, 价格:744, 总笔数:50 逐笔量：2300,20000,75600,10000,3000,100,15000,10000,3000,1000,2000,12000,3000,30000,2000,15000,5000,5000,500,10000,2000,100,1000,200,2500,2000,1000,200,200,1000,500,1000,400,1600,300,10000,3000,3100,16300,3400,10000,100,200,3000,100,3000,13600,100,10000,12000,
2017-03-14 14:04:49.293 stock 中国联通, 价格:743, 总笔数:17 逐笔量：94400,200,4400,800,1000,300,3700,500,5000,400,13300,1200,300,1000,100,800,600,
2017-03-14 14:04:49.294 stock 中国联通, 价格:744, 总笔数:50 逐笔量：4600,500,10000,2000,100,1000,200,2500,2000,1000,200,200,1000,500,1000,400,1600,300,10000,3000,3100,16300,3400,10000,100,200,3000,100,3000,13600,100,10000,12000,1500,500,300,10000,400,500,200,1000,3000,500,6400,300,400,1000,1000,4000,500,
2017-03-14 14:04:51.643 stock 中国联通, 价格:743, 总笔数:19 逐笔量：90500,200,4400,800,1000,300,3700,500,5000,400,13300,1200,300,1000,100,800,600,1600,5200,
2017-03-14 14:04:51.643 stock 中国联通, 价格:744, 总笔数:50 逐笔量：4600,500,10000,2000,100,1000,200,2500,2000,1000,200,200,1000,500,1000,400,1600,300,10000,3000,3100,16300,3400,10000,100,200,3000,100,3000,13600,100,10000,12000,1500,500,300,10000,400,500,200,1000,3000,500,6400,300,400,1000,1000,4000,500,
2017-03-14 14:04:53.230 stock 中国联通, 价格:743, 总笔数:20 逐笔量：90300,200,4400,800,1000,300,3700,500,5000,400,13300,1200,300,1000,100,800,600,1600,5200,3500,
2017-03-14 14:04:53.230 stock 中国联通, 价格:744, 总笔数:50 逐笔量：6400,3000,3100,16300,3400,10000,100,200,3000,100,3000,13600,100,10000,12000,1500,500,300,10000,400,500,200,1000,3000,500,6400,300,400,1000,1000,4000,500,400,700,2000,6300,2000,2000,2000,5100,1000,800,900,13000,1700,700,600,20000,1000,1100,
2017-03-14 14:04:55.159 stock 中国联通, 价格:743, 总笔数:22 逐笔量：87800,200,4400,800,1000,300,3700,500,5000,400,13300,1200,300,1000,100,800,600,1600,5200,3500,2000,100,
2017-03-14 14:04:55.160 stock 中国联通, 价格:744, 总笔数:50 逐笔量：5700,300,400,1000,1000,4000,500,400,700,2000,6300,2000,2000,2000,5100,1000,800,900,13000,1700,700,600,20000,1000,1100,500,1900,300,500,600,6800,700,3400,22200,3600,500,200,3400,10000,4000,200000,500,10000,5000,1300,1500,200,1000,1600,800,
2017-03-14 14:04:57.309 stock 中国联通, 价格:743, 总笔数:24 逐笔量：87800,200,4400,800,1000,300,3700,500,5000,400,13300,1200,300,1000,100,800,600,1600,5200,3500,2000,100,3000,2000,
2017-03-14 14:04:57.309 stock 中国联通, 价格:744, 总笔数:50 逐笔量：4600,300,400,1000,1000,4000,500,400,700,2000,6300,2000,2000,2000,5100,1000,800,900,13000,1700,700,600,20000,1000,1100,500,1900,300,500,600,6800,700,3400,22200,3600,500,200,3400,10000,4000,200000,500,10000,5000,1300,1500,200,1000,1600,800,
2017-03-14 14:04:59.120 stock 中国联通, 价格:743, 总笔数:25 逐笔量：85300,200,4400,800,1000,300,3700,500,5000,400,13300,1200,300,1000,100,800,600,1600,5200,3500,2000,100,3000,2000,300,
2017-03-14 14:04:59.120 stock 中国联通, 价格:744, 总笔数:50 逐笔量：600,600,20000,1000,1100,500,1900,300,500,600,6800,700,3400,22200,3600,500,200,3400,10000,4000,200000,500,10000,5000,1300,1500,200,1000,1600,800,3000,600,400,10000,500,3000,3000,1400,10500,1000,500,500,100,100,1000,1000,100,200,3000,2000,
