2017-03-14 14:04:36.458 stock 中金黄金, 价格:1205, 总笔数:21 逐笔量：675,500,300,2000,1000,5000,100,6300,1000,500,500,1000,1100,2200,100,1000,500,400,5000,200,400,
2017-03-14 14:04:36.459 stock 中金黄金, 价格:1206, 总笔数:23 逐笔量：7655,300,400,8500,5000,1000,1300,34600,2500,600,4900,900,800,200,200,400,3000,900,3100,500,7000,100,26500,
2017-03-14 14:04:49.779 stock 中金黄金, 价格:1205, 总笔数:20 逐笔量：275,2000,1000,5000,100,6300,1000,500,500,1000,1100,2200,100,1000,500,400,5000,200,400,200,
2017-03-14 14:04:49.779 stock 中金黄金, 价格:1206, 总笔数:22 逐笔量：7655,300,400,8500,5000,1000,1300,34600,600,4900,900,800,200,200,400,3000,900,3100,500,7000,100,26500,
2017-03-14 14:04:52.035 stock 中金黄金, 价格:1205, 总笔数:19 逐笔量：775,1000,5000,100,6300,1000,500,500,1000,1100,2200,100,1000,500,400,5000,200,400,200,
2017-03-14 14:04:52.035 stock 中金黄金, 价格:1206, 总笔数:24 逐笔量：7255,300,400,8500,5000,1000,1300,34600,600,4900,900,800,200,200,400,3000,900,3100,500,7000,100,26500,700,20000,
2017-03-14 14:04:53.739 stock 中金黄金, 价格:1205, 总笔数:20 逐笔量：575,1000,5000,100,6300,1000,500,500,1000,1100,2200,100,1000,500,400,5000,200,400,200,800,
2017-03-14 14:04:53.739 stock 中金黄金, 价格:1206, 总笔数:24 逐笔量：7255,300,400,8500,5000,1000,1300,34600,600,4900,900,800,200,200,400,3000,900,3100,500,7000,100,26500,700,20000,
2017-03-14 14:04:55.815 stock 中金黄金, 价格:1205, 总笔数:15 逐笔量：4275,1000,500,500,1000,1100,2200,100,1000,400,5000,200,400,200,800,
2017-03-14 14:04:55.815 stock 中金黄金, 价格:1206, 总笔数:24 逐笔量：6855,300,400,8500,5000,1000,1300,34600,600,4900,900,800,200,200,400,3000,900,3100,500,7000,100,26500,700,20000,
2017-03-14 14:04:57.580 stock 中金黄金, 价格:1205, 总笔数:18 逐笔量：4275,1000,500,500,1000,1100,2200,100,1000,400,5000,200,400,200,800,21200,20200,18400,
2017-03-14 14:04:57.581 stock 中金黄金, 价格:1206, 总笔数:24 逐笔量：6855,300,400,8500,5000,1000,1300,34600,600,4900,900,800,200,200,400,3000,900,3100,500,7000,100,26500,700,20000,
2017-03-14 14:04:59.452 stock 中金黄金, 价格:1205, 总笔数:18 逐笔量：4275,1000,500,500,1000,1100,2200,100,1000,400,5000,200,400,200,800,21200,20200,18400,
2017-03-14 14:04:59.452 stock 中金黄金, 价格:1206, 总笔数:25 逐笔量：6855,300,400,8500,5000,1000,1300,34600,600,4900,900,800,200,200,400,3000,900,3100,500,7000,100,26500,700,20000,400,
