2017-03-14 14:04:36.488 stock 亿晶光电, 价格:730, 总笔数:34 逐笔量：7683,1300,600,500,40000,1400,4200,600,2000,800,2000,1400,500,1400,2500,600,1400,600,100,200,1100,500,500,1500,2000,10000,300,4000,2000,10000,800,400,700,100,
2017-03-14 14:04:36.489 stock 亿晶光电, 价格:731, 总笔数:3 逐笔量：298,2500,1200,
2017-03-14 14:04:49.590 stock 亿晶光电, 价格:731, 总笔数:1 逐笔量：5902,
2017-03-14 14:04:49.590 stock 亿晶光电, 价格:732, 总笔数:42 逐笔量：64854,500,600,3000,4000,30000,4400,10000,1500,2000,3600,800,1500,800,5000,500,2000,2000,8000,400,5000,1100,1000,31900,3800,15000,1200,2500,3000,5200,500,2600,1600,2200,2900,500,1000,5000,3000,2000,200,5000,
2017-03-14 14:04:51.607 stock 亿晶光电, 价格:730, 总笔数:33 逐笔量：7683,1300,600,500,40000,1400,4200,600,2000,800,2000,1400,500,2500,600,1400,600,100,200,1100,500,500,1500,2000,10000,300,4000,2000,10000,800,400,700,100,
2017-03-14 14:04:51.608 stock 亿晶光电, 价格:732, 总笔数:42 逐笔量：64854,500,600,3000,4000,30000,4400,10000,1500,2000,3600,800,1500,800,5000,500,2000,2000,8000,400,5000,1100,1000,31900,3800,15000,1200,2500,3000,5200,500,2600,1600,2200,2900,500,1000,5000,3000,2000,200,5000,
2017-03-14 14:04:53.547 stock 亿晶光电, 价格:731, 总笔数:1 逐笔量：1500,
2017-03-14 14:04:53.548 stock 亿晶光电, 价格:732, 总笔数:42 逐笔量：61754,500,600,3000,4000,30000,4400,10000,1500,2000,3600,800,1500,800,5000,500,2000,2000,8000,400,5000,1100,1000,31900,3800,15000,1200,2500,3000,5200,500,2600,1600,2200,2900,500,1000,5000,3000,2000,200,5000,
2017-03-14 14:04:55.695 stock 亿晶光电, 价格:731, 总笔数:1 逐笔量：1300,
2017-03-14 14:04:55.696 stock 亿晶光电, 价格:732, 总笔数:42 逐笔量：61754,500,600,3000,4000,30000,4400,10000,1500,2000,3600,800,1500,800,5000,500,2000,2000,8000,400,5000,1100,1000,31900,3800,15000,1200,2500,3000,5200,500,2600,1600,2200,2900,500,1000,5000,3000,2000,200,5000,
2017-03-14 14:04:59.090 stock 亿晶光电, 价格:730, 总笔数:32 逐笔量：7683,1300,600,500,40000,1400,4200,600,2000,800,2000,1400,500,2500,600,1400,600,100,200,1100,500,500,1500,2000,300,4000,2000,10000,800,400,700,100,
2017-03-14 14:04:59.090 stock 亿晶光电, 价格:731, 总笔数:1 逐笔量：700,
