2017-03-14 14:04:36.481 stock 江南高纤, 价格:626, 总笔数:1 逐笔量：27853,
2017-03-14 14:04:36.481 stock 江南高纤, 价格:627, 总笔数:46 逐笔量：8673,1000,2000,3000,1000,20800,5000,20000,5000,700,3000,3000,9600,1000,800,3500,1000,1500,27200,1000,10000,5000,100,100,500,84000,3000,3000,4000,1100,400,500,2000,2000,5000,2000,2000,1000,3000,900,5000,10000,5000,400,2000,1000,
2017-03-14 14:04:49.501 stock 江南高纤, 价格:626, 总笔数:3 逐笔量：27853,400,100,
2017-03-14 14:04:49.502 stock 江南高纤, 价格:627, 总笔数:46 逐笔量：8673,1000,2000,3000,1000,20800,5000,20000,5000,700,3000,3000,9600,1000,800,3500,1000,1500,27200,1000,10000,5000,100,100,500,84000,3000,3000,4000,1100,400,500,2000,2000,5000,2000,2000,1000,3000,900,5000,10000,5000,400,2000,1000,
2017-03-14 14:04:51.341 stock 江南高纤, 价格:626, 总笔数:4 逐笔量：27153,400,100,700,
2017-03-14 14:04:51.341 stock 江南高纤, 价格:627, 总笔数:46 逐笔量：8673,1000,2000,3000,1000,20800,5000,20000,5000,700,3000,3000,9600,1000,800,3500,1000,1500,27200,1000,10000,5000,100,100,500,84000,3000,3000,4000,1100,400,500,2000,2000,5000,2000,2000,1000,3000,900,5000,10000,5000,400,2000,1000,
2017-03-14 14:04:53.453 stock 江南高纤, 价格:626, 总笔数:4 逐笔量：25153,400,100,700,
2017-03-14 14:04:53.453 stock 江南高纤, 价格:627, 总笔数:46 逐笔量：8673,1000,2000,3000,1000,20800,5000,20000,5000,700,3000,3000,9600,1000,800,3500,1000,1500,27200,1000,10000,5000,100,100,500,84000,3000,3000,4000,1100,400,500,2000,2000,5000,2000,2000,1000,3000,900,5000,10000,5000,400,2000,1000,
2017-03-14 14:04:55.473 stock 江南高纤, 价格:626, 总笔数:4 逐笔量：24853,400,100,700,
2017-03-14 14:04:55.473 stock 江南高纤, 价格:627, 总笔数:46 逐笔量：8673,1000,2000,3000,1000,20800,5000,20000,5000,700,3000,3000,9600,1000,800,3500,1000,1500,27200,1000,10000,5000,100,100,500,84000,3000,3000,4000,1100,400,500,2000,2000,5000,2000,2000,1000,3000,900,5000,10000,5000,400,1000,200,
2017-03-14 14:04:57.259 stock 江南高纤, 价格:626, 总笔数:5 逐笔量：24853,400,100,700,14000,
2017-03-14 14:04:57.259 stock 江南高纤, 价格:627, 总笔数:46 逐笔量：8673,1000,2000,3000,1000,20800,5000,20000,5000,700,3000,3000,9600,1000,800,3500,1000,1500,27200,1000,10000,5000,100,100,500,84000,3000,3000,4000,1100,400,500,2000,2000,5000,2000,2000,1000,3000,900,5000,10000,5000,400,1000,200,
2017-03-14 14:04:59.214 stock 江南高纤, 价格:626, 总笔数:5 逐笔量：24853,400,100,700,14000,
2017-03-14 14:04:59.215 stock 江南高纤, 价格:627, 总笔数:46 逐笔量：8673,1000,2000,3000,1000,20800,5000,20000,5000,700,3000,3000,9600,1000,800,3500,1000,1500,27200,1000,10000,5000,100,100,500,84000,3000,3000,4000,1100,400,500,2000,2000,5000,2000,2000,1000,3000,900,5000,10000,5000,400,1000,200,
