2017-03-14 14:04:36.042 stock 葛洲坝, 价格:1095, 总笔数:33 逐笔量：6741,1000,100,22500,200,800,200,1000,20000,5000,100,900,1100,1000,200,2600,200,500,1900,1000,200,3000,300,500,400,3500,1200,1800,300,6000,500,4500,9000,
2017-03-14 14:04:36.043 stock 葛洲坝, 价格:1096, 总笔数:6 逐笔量：400,20000,85000,300,200,13000,
2017-03-14 14:04:49.223 stock 葛洲坝, 价格:1095, 总笔数:33 逐笔量：6641,1000,100,22500,200,800,200,1000,20000,5000,100,900,1100,1000,200,2600,200,500,1900,1000,200,3000,300,500,400,3500,1200,1800,300,6000,500,4500,9000,
2017-03-14 14:04:49.223 stock 葛洲坝, 价格:1096, 总笔数:7 逐笔量：300,20000,85000,300,200,13000,3500,
2017-03-14 14:04:51.915 stock 葛洲坝, 价格:1095, 总笔数:33 逐笔量：6641,1000,100,22500,200,800,200,1000,20000,5000,100,900,1100,1000,200,2600,200,500,1900,1000,200,3000,300,500,400,3500,1200,1800,300,6000,500,4500,9000,
2017-03-14 14:04:51.916 stock 葛洲坝, 价格:1096, 总笔数:7 逐笔量：300,20000,85000,300,200,13000,3500,
2017-03-14 14:04:53.329 stock 葛洲坝, 价格:1095, 总笔数:30 逐笔量：21541,200,800,200,1000,20000,5000,100,900,1100,1000,200,2600,200,500,1900,1000,200,3000,300,500,400,3500,1200,1800,300,6000,500,4500,9000,
2017-03-14 14:04:53.329 stock 葛洲坝, 价格:1096, 总笔数:9 逐笔量：300,20000,85000,300,200,13000,3500,1000,28600,
2017-03-14 14:04:55.246 stock 葛洲坝, 价格:1095, 总笔数:31 逐笔量：21541,200,800,200,1000,20000,5000,100,900,1100,1000,200,2600,200,500,1900,1000,200,3000,300,500,400,3500,1200,1800,300,6000,500,4500,9000,900,
2017-03-14 14:04:55.247 stock 葛洲坝, 价格:1096, 总笔数:9 逐笔量：300,20000,85000,300,200,13000,3500,1000,28600,
2017-03-14 14:04:57.396 stock 葛洲坝, 价格:1095, 总笔数:31 逐笔量：21541,200,800,200,1000,20000,5000,100,900,1100,1000,200,2600,200,500,1900,1000,200,3000,300,500,400,3500,1200,1800,300,6000,500,4500,9000,900,
2017-03-14 14:04:57.396 stock 葛洲坝, 价格:1096, 总笔数:10 逐笔量：300,20000,85000,300,200,13000,3500,1000,28600,2000,
2017-03-14 14:04:59.341 stock 葛洲坝, 价格:1095, 总笔数:31 逐笔量：14641,200,800,200,1000,20000,5000,100,900,1100,1000,200,2600,200,500,1900,1000,200,3000,300,500,400,3500,1200,1800,300,6000,500,4500,9000,900,
2017-03-14 14:04:59.341 stock 葛洲坝, 价格:1096, 总笔数:11 逐笔量：300,20000,85000,300,200,13000,3500,1000,28600,2000,10000,
