2017-03-14 14:04:36.409 stock 安源煤业, 价格:545, 总笔数:29 逐笔量：1400,20300,4000,3000,4500,5000,4000,1000,2200,2100,1000,500,100,5000,1000,16000,3000,400,600,1100,2000,1000,500,6900,2000,7700,30000,7000,600,
2017-03-14 14:04:36.410 stock 安源煤业, 价格:546, 总笔数:35 逐笔量：900,3000,12500,4000,2000,400,300,28800,100,1800,8000,10000,30000,1500,2100,1000,400,1000,1000,1000,10000,10000,1900,1700,600,1000,100,500,500,1000,2000,5000,8500,1000,10000,
2017-03-14 14:04:49.584 stock 安源煤业, 价格:545, 总笔数:29 逐笔量：1400,20300,4000,3000,4500,5000,4000,1000,2200,2100,1000,500,100,5000,1000,16000,3000,400,600,1100,2000,1000,500,6900,2000,7700,30000,7000,600,
2017-03-14 14:04:49.584 stock 安源煤业, 价格:546, 总笔数:35 逐笔量：900,3000,12500,4000,2000,400,300,28800,100,1800,8000,10000,30000,1500,2100,1000,400,1000,1000,1000,10000,10000,1900,1700,600,1000,100,500,500,1000,2000,5000,8500,1000,10000,
2017-03-14 14:04:53.529 stock 安源煤业, 价格:545, 总笔数:28 逐笔量：1400,20300,4000,3000,4500,5000,4000,1000,2200,2100,1000,500,100,5000,1000,16000,3000,400,600,1100,2000,1000,500,6900,2000,30000,7000,600,
2017-03-14 14:04:53.529 stock 安源煤业, 价格:546, 总笔数:35 逐笔量：900,3000,12500,4000,2000,400,300,28800,100,1800,8000,10000,30000,1500,2100,1000,400,1000,1000,1000,10000,10000,1900,1700,600,1000,100,500,500,1000,2000,5000,8500,1000,10000,
2017-03-14 14:04:55.670 stock 安源煤业, 价格:545, 总笔数:27 逐笔量：1400,20300,4000,3000,4500,5000,4000,1000,2200,2100,1000,500,100,5000,1000,16000,3000,400,600,1100,2000,1000,500,6900,2000,30000,7000,
2017-03-14 14:04:55.670 stock 安源煤业, 价格:546, 总笔数:35 逐笔量：900,3000,12500,4000,2000,400,300,28800,100,1800,8000,10000,30000,1500,2100,1000,400,1000,1000,1000,10000,10000,1900,1700,600,1000,100,500,500,1000,2000,5000,8500,1000,10000,
2017-03-14 14:04:56.976 stock 安源煤业, 价格:545, 总笔数:28 逐笔量：1400,20300,4000,3000,4500,5000,4000,1000,2200,2100,1000,500,100,5000,1000,16000,3000,400,600,1100,2000,1000,500,6900,2000,30000,7000,7700,
2017-03-14 14:04:56.976 stock 安源煤业, 价格:546, 总笔数:33 逐笔量：8600,4000,2000,400,300,28800,100,1800,8000,10000,30000,1500,2100,1000,400,1000,1000,1000,10000,10000,1900,1700,600,1000,100,500,500,1000,2000,5000,8500,1000,10000,
