2017-03-14 14:04:36.008 stock 浦发银行, 价格:1626, 总笔数:49 逐笔量：48580,20000,6100,1000,1000,1000,400,4400,100,100,2000,200,1000,5000,1000,500,3000,2100,1000,1000,800,300,3000,1000,400,2000,5000,2500,700,5500,600,1000,300,600,200,100,500,300,600,300,600,600,3000,200,700,1400,500,1000,100,
2017-03-14 14:04:36.008 stock 浦发银行, 价格:1627, 总笔数:15 逐笔量：110844,8200,27800,1800,1800,5000,1000,900,3600,5200,6300,2600,2600,2300,102000,
2017-03-14 14:04:49.379 stock 浦发银行, 价格:1626, 总笔数:50 逐笔量：48580,20000,6100,1000,1000,1000,400,4400,100,100,2000,200,1000,5000,1000,500,3000,2100,1000,1000,800,300,3000,1000,400,2000,5000,2500,700,5500,600,1000,300,600,200,100,500,300,600,300,600,600,3000,200,700,1400,500,1000,100,2300,
2017-03-14 14:04:49.379 stock 浦发银行, 价格:1627, 总笔数:15 逐笔量：110844,8200,27800,1800,1800,5000,1000,900,3600,5200,6300,2600,2600,2300,102000,
2017-03-14 14:04:51.290 stock 浦发银行, 价格:1626, 总笔数:50 逐笔量：46880,20000,6100,1000,1000,1000,400,4400,100,100,2000,200,1000,5000,1000,500,3000,2100,1000,1000,800,300,3000,1000,400,2000,5000,2500,700,5500,600,1000,300,600,200,100,500,300,600,300,600,600,3000,200,700,1400,500,1000,100,2300,
2017-03-14 14:04:51.291 stock 浦发银行, 价格:1627, 总笔数:15 逐笔量：110844,8200,27800,1800,1800,5000,1000,900,3600,5200,6300,2600,2600,2300,102000,
2017-03-14 14:04:55.436 stock 浦发银行, 价格:1626, 总笔数:50 逐笔量：46580,20000,6100,1000,1000,1000,400,4400,100,100,2000,200,1000,5000,1000,500,3000,2100,1000,1000,800,300,3000,1000,400,2000,5000,2500,700,5500,600,1000,300,600,200,100,500,300,600,300,600,600,3000,200,700,1400,500,1000,100,2300,
2017-03-14 14:04:55.436 stock 浦发银行, 价格:1627, 总笔数:15 逐笔量：110844,8200,27800,1800,1800,5000,1000,900,3600,5200,6300,2600,2600,2300,102000,
2017-03-14 14:04:57.197 stock 浦发银行, 价格:1626, 总笔数:50 逐笔量：45280,20000,6100,1000,1000,1000,400,4400,100,100,2000,200,1000,5000,1000,500,3000,2100,1000,1000,800,300,3000,1000,400,2000,5000,2500,700,5500,600,1000,300,600,200,100,500,300,600,300,600,600,3000,200,700,1400,500,1000,100,2300,
2017-03-14 14:04:57.197 stock 浦发银行, 价格:1627, 总笔数:15 逐笔量：110844,8200,27800,1800,1800,5000,1000,900,3600,5200,6300,2600,2600,2300,102000,
2017-03-14 14:04:59.189 stock 浦发银行, 价格:1626, 总笔数:50 逐笔量：45280,20000,6100,1000,1000,1000,400,4400,100,100,2000,200,1000,5000,1000,500,3000,2100,1000,1000,800,300,3000,1000,400,2000,5000,2500,700,5500,600,1000,300,600,200,100,500,300,600,300,600,600,3000,200,700,1400,500,1000,100,2300,
2017-03-14 14:04:59.189 stock 浦发银行, 价格:1627, 总笔数:15 逐笔量：110844,8200,27800,1800,1800,5000,1000,900,3600,5200,6300,2600,2600,2300,102000,
2017-03-14 14:05:02.155 stock 浦发银行, 价格:1626, 总笔数:50 逐笔量：44680,20000,6100,1000,1000,1000,400,4400,100,100,2000,200,1000,5000,1000,500,3000,2100,1000,1000,800,300,3000,1000,400,2000,5000,2500,700,5500,600,1000,300,600,200,100,500,300,600,300,600,600,3000,200,700,1400,500,1000,100,500,
2017-03-14 14:05:02.155 stock 浦发银行, 价格:1627, 总笔数:15 逐笔量：108444,8200,27800,1800,1800,5000,1000,900,3600,5200,6300,2600,2600,2300,102000,
2017-03-14 14:05:03.414 stock 浦发银行, 价格:1626, 总笔数:50 逐笔量：44680,20000,6100,1000,1000,1000,400,4400,100,100,2000,200,1000,5000,1000,500,3000,2100,1000,1000,800,300,3000,1000,400,2000,5000,2500,700,5500,600,1000,300,600,200,100,500,300,600,300,600,600,3000,200,700,1400,500,1000,100,500,
2017-03-14 14:05:03.415 stock 浦发银行, 价格:1627, 总笔数:15 逐笔量：108444,8200,27800,1800,1800,5000,1000,900,3600,5200,6300,2600,2600,2300,102000,
2017-03-14 14:05:04.619 stock 浦发银行, 价格:1626, 总笔数:50 逐笔量：43180,20000,6100,1000,1000,1000,400,4400,100,100,2000,200,1000,5000,1000,500,3000,2100,1000,1000,800,300,3000,1000,400,2000,5000,2500,700,5500,600,1000,300,600,200,100,500,300,600,300,600,600,3000,200,700,1400,500,1000,100,500,
2017-03-14 14:05:04.620 stock 浦发银行, 价格:1627, 总笔数:15 逐笔量：108444,8200,27800,1800,1800,5000,1000,900,3600,5200,6300,2600,2600,2300,102000,
2017-03-14 14:05:06.801 stock 浦发银行, 价格:1626, 总笔数:50 逐笔量：39980,20000,6100,1000,1000,1000,400,4400,100,100,2000,200,1000,5000,1000,500,3000,2100,1000,1000,800,300,3000,1000,400,2000,5000,2500,700,5500,600,1000,300,600,200,100,500,300,600,300,600,600,3000,200,700,1400,500,1000,100,500,
2017-03-14 14:05:06.801 stock 浦发银行, 价格:1627, 总笔数:15 逐笔量：107944,8200,27800,1800,1800,5000,1000,900,3600,5200,6300,2600,2600,2300,102000,
2017-03-14 14:05:10.131 stock 浦发银行, 价格:1626, 总笔数:50 逐笔量：37980,20000,6100,1000,1000,1000,400,4400,100,100,2000,200,1000,5000,1000,500,3000,2100,1000,1000,800,300,3000,1000,400,2000,5000,2500,700,5500,600,1000,300,600,200,100,500,300,600,300,600,600,3000,200,700,1400,500,1000,100,500,
2017-03-14 14:05:10.132 stock 浦发银行, 价格:1627, 总笔数:16 逐笔量：107244,8200,27800,1800,1800,5000,1000,900,3600,5200,6300,2600,2600,2300,102000,2500,
2017-03-14 14:05:13.166 stock 浦发银行, 价格:1626, 总笔数:50 逐笔量：37886,20000,6100,1000,1000,1000,400,4400,100,100,2000,200,1000,5000,1000,500,3000,2100,1000,1000,800,300,3000,1000,400,2000,5000,2500,700,5500,600,1000,300,600,200,100,500,300,600,300,600,600,3000,200,700,1400,500,1000,100,500,
2017-03-14 14:05:13.166 stock 浦发银行, 价格:1627, 总笔数:16 逐笔量：106344,8200,27800,1800,1800,5000,1000,900,3600,5200,6300,2600,2600,2300,102000,2500,
2017-03-14 14:05:15.959 stock 浦发银行, 价格:1626, 总笔数:50 逐笔量：37886,20000,6100,1000,1000,1000,400,4400,100,100,2000,200,1000,5000,1000,500,3000,2100,1000,1000,800,300,3000,1000,400,2000,5000,2500,700,5500,600,1000,300,600,200,100,500,300,600,300,600,600,3000,200,700,1400,500,1000,100,500,
2017-03-14 14:05:15.959 stock 浦发银行, 价格:1627, 总笔数:17 逐笔量：106344,8200,27800,1800,1800,5000,1000,900,3600,5200,6300,2600,2600,2300,102000,2500,5000,
2017-03-14 14:05:19.275 stock 浦发银行, 价格:1626, 总笔数:50 逐笔量：37286,20000,6100,1000,1000,1000,400,4400,100,100,2000,200,1000,5000,1000,500,3000,2100,1000,1000,800,300,3000,1000,400,2000,5000,2500,700,5500,600,1000,300,600,200,100,500,300,600,300,600,600,3000,200,700,1400,500,1000,100,500,
2017-03-14 14:05:19.275 stock 浦发银行, 价格:1627, 总笔数:17 逐笔量：106344,8200,27800,1800,1800,5000,1000,900,3600,5200,6300,2600,2600,2300,102000,2500,5000,
2017-03-14 14:05:21.918 stock 浦发银行, 价格:1626, 总笔数:50 逐笔量：37286,20000,6100,1000,1000,1000,400,4400,100,100,2000,200,1000,5000,1000,500,3000,2100,1000,1000,800,300,3000,1000,400,2000,5000,2500,700,5500,600,1000,300,600,200,100,500,300,600,300,600,600,3000,200,700,1400,500,1000,100,500,
2017-03-14 14:05:21.918 stock 浦发银行, 价格:1627, 总笔数:17 逐笔量：106344,8200,27800,1800,1800,5000,1000,900,3600,5200,6300,2600,2600,2300,102000,2500,5000,
2017-03-14 14:05:24.959 stock 浦发银行, 价格:1626, 总笔数:50 逐笔量：35386,20000,6100,1000,1000,1000,400,4400,100,100,2000,200,1000,5000,1000,500,3000,2100,1000,1000,800,300,3000,1000,400,2000,5000,2500,700,5500,600,1000,300,600,200,100,500,300,600,300,600,600,3000,200,700,1400,500,1000,100,500,
2017-03-14 14:05:24.959 stock 浦发银行, 价格:1627, 总笔数:17 逐笔量：106244,8200,27800,1800,1800,5000,1000,900,3600,5200,6300,2600,2600,2300,102000,2500,5000,
2017-03-14 14:05:27.873 stock 浦发银行, 价格:1626, 总笔数:50 逐笔量：32986,20000,6100,1000,1000,1000,400,4400,100,100,2000,200,1000,5000,1000,500,3000,2100,1000,1000,800,300,3000,1000,400,2000,5000,2500,700,5500,600,1000,300,600,200,100,500,300,600,300,600,600,3000,200,700,1400,500,1000,100,500,
2017-03-14 14:05:27.874 stock 浦发银行, 价格:1627, 总笔数:17 逐笔量：106244,8200,27800,1800,1800,5000,1000,900,3600,5200,6300,2600,2600,2300,102000,2500,5000,
2017-03-14 14:05:30.950 stock 浦发银行, 价格:1626, 总笔数:50 逐笔量：22986,20000,6100,1000,1000,1000,400,4400,100,100,2000,200,1000,5000,1000,500,3000,2100,1000,1000,800,300,3000,1000,400,2000,5000,2500,700,5500,600,1000,300,600,200,100,500,300,600,300,600,600,3000,200,700,1400,500,1000,100,500,
2017-03-14 14:05:30.950 stock 浦发银行, 价格:1627, 总笔数:17 逐笔量：106244,8200,27800,1800,1800,5000,1000,900,3600,5200,6300,2600,2600,2300,102000,2500,5000,
2017-03-14 14:05:34.041 stock 浦发银行, 价格:1626, 总笔数:50 逐笔量：22986,20000,6100,1000,1000,1000,400,4400,100,100,2000,200,1000,5000,1000,500,3000,2100,1000,1000,800,300,3000,1000,400,2000,5000,2500,700,5500,600,1000,300,600,200,100,500,300,600,300,600,600,3000,200,700,1400,500,1000,100,500,
2017-03-14 14:05:34.041 stock 浦发银行, 价格:1627, 总笔数:17 逐笔量：106244,8200,27800,1800,1800,5000,1000,900,3600,5200,6300,2600,2600,2300,102000,2500,5000,
2017-03-14 14:05:37.371 stock 浦发银行, 价格:1626, 总笔数:50 逐笔量：22986,20000,6100,1000,1000,1000,400,4400,100,100,2000,200,1000,5000,1000,500,3000,2100,1000,1000,800,300,3000,1000,400,2000,5000,2500,700,5500,600,1000,300,600,200,100,500,300,600,300,600,600,3000,200,700,1400,500,1000,100,500,
2017-03-14 14:05:37.371 stock 浦发银行, 价格:1627, 总笔数:17 逐笔量：105744,8200,27800,1800,1800,5000,1000,900,3600,5200,6300,2600,2600,2300,102000,2500,5000,
2017-03-14 14:05:40.007 stock 浦发银行, 价格:1626, 总笔数:50 逐笔量：11186,20000,6100,1000,1000,1000,400,4400,100,100,2000,200,1000,5000,1000,500,3000,2100,1000,1000,800,300,3000,1000,400,2000,5000,2500,700,5500,600,1000,300,600,200,100,500,300,600,300,600,600,3000,200,700,1400,500,1000,100,500,
2017-03-14 14:05:40.007 stock 浦发银行, 价格:1627, 总笔数:17 逐笔量：105744,8200,27800,1800,1800,5000,1000,900,3600,5200,6300,2600,2600,2300,102000,2500,5000,
2017-03-14 14:05:42.971 stock 浦发银行, 价格:1626, 总笔数:50 逐笔量：11094,20000,6100,1000,1000,1000,400,4400,100,100,2000,200,1000,5000,1000,500,3000,2100,1000,1000,800,300,3000,1000,400,2000,5000,2500,700,5500,600,1000,300,600,200,100,500,300,600,300,600,600,3000,200,700,1400,500,1000,100,500,
2017-03-14 14:05:42.972 stock 浦发银行, 价格:1627, 总笔数:17 逐笔量：105744,8200,27800,1800,1800,5000,1000,900,3600,5200,6300,2600,2600,2300,102000,2500,5000,
2017-03-14 14:05:46.221 stock 浦发银行, 价格:1626, 总笔数:50 逐笔量：9094,20000,6100,1000,1000,1000,400,4400,100,100,2000,200,1000,5000,1000,500,3000,2100,1000,1000,800,300,3000,1000,400,2000,5000,2500,700,5500,600,1000,300,600,200,100,500,300,600,300,600,600,3000,200,700,1400,500,1000,100,500,
2017-03-14 14:05:46.221 stock 浦发银行, 价格:1627, 总笔数:18 逐笔量：105744,8200,27800,1800,1800,5000,1000,900,3600,5200,6300,2600,2600,2300,102000,2500,5000,5000,
