2017-03-14 14:04:36.088 stock 北方稀土, 价格:1283, 总笔数:41 逐笔量：1335,1500,200,100,100,30000,2000,100,300,400,1200,600,6100,100,200,1000,1500,2000,400,2000,9600,3400,1000,900,5000,400,4400,2300,2000,400,1800,5000,500,2000,3000,2000,40000,5500,1000,700,100,
2017-03-14 14:04:36.088 stock 北方稀土, 价格:1284, 总笔数:39 逐笔量：35900,450,600,800,1000,500,500,15500,5000,1000,100,2000,500,1000,5600,200,3900,8600,2000,2000,1600,1600,100,2000,500,1200,10000,4000,1000,500,400,14500,1000,800,1000,500,1300,3200,500,
2017-03-14 14:04:49.226 stock 北方稀土, 价格:1283, 总笔数:42 逐笔量：35,1500,200,100,100,30000,2000,100,300,400,1200,600,6100,100,200,1000,1500,2000,400,2000,9600,3400,1000,900,5000,400,4400,2300,2000,400,1800,5000,500,2000,3000,2000,40000,5500,1000,700,100,500,
2017-03-14 14:04:49.227 stock 北方稀土, 价格:1284, 总笔数:38 逐笔量：35900,450,600,800,1000,500,500,5000,1000,100,2000,500,1000,5600,200,3900,8600,2000,2000,1600,1600,100,2000,500,1200,10000,4000,1000,500,400,14500,1000,800,1000,500,1300,3200,500,
2017-03-14 14:04:51.921 stock 北方稀土, 价格:1283, 总笔数:41 逐笔量：1435,200,100,100,30000,2000,100,300,400,1200,600,6100,100,200,1000,1500,2000,400,2000,9600,3400,1000,900,5000,400,4400,2300,2000,400,1800,5000,500,2000,3000,2000,40000,5500,1000,700,100,500,
2017-03-14 14:04:51.921 stock 北方稀土, 价格:1284, 总笔数:39 逐笔量：35900,450,600,800,1000,500,500,5000,1000,100,2000,500,1000,5600,200,3900,8600,2000,2000,1600,1600,100,2000,500,1200,10000,4000,1000,500,400,14500,1000,800,1000,500,1300,3200,500,300,
2017-03-14 14:04:53.332 stock 北方稀土, 价格:1283, 总笔数:37 逐笔量：22035,2000,100,300,400,1200,600,6100,100,200,1000,1500,2000,400,2000,9600,3400,1000,900,5000,400,4400,2300,2000,400,1800,5000,500,2000,3000,2000,40000,5500,1000,700,100,500,
2017-03-14 14:04:53.332 stock 北方稀土, 价格:1284, 总笔数:38 逐笔量：35900,450,600,800,1000,500,500,5000,1000,100,2000,500,1000,5600,200,3900,8600,2000,2000,1600,1600,100,2000,500,1200,10000,4000,1000,500,400,14500,1000,800,500,1300,3200,500,300,
2017-03-14 14:04:55.252 stock 北方稀土, 价格:1283, 总笔数:37 逐笔量：22035,2000,100,300,400,1200,600,6100,100,200,1000,1500,2000,400,2000,9600,3400,1000,900,5000,400,4400,2300,2000,400,1800,5000,500,2000,3000,2000,40000,5500,1000,700,100,500,
2017-03-14 14:04:55.252 stock 北方稀土, 价格:1284, 总笔数:38 逐笔量：35900,450,600,800,1000,500,500,5000,1000,100,2000,500,1000,5600,200,3900,8600,2000,2000,1600,1600,100,2000,500,1200,10000,4000,1000,500,400,14500,1000,800,500,1300,3200,500,300,
2017-03-14 14:04:57.398 stock 北方稀土, 价格:1283, 总笔数:37 逐笔量：22035,2000,100,300,400,1200,600,6100,100,200,1000,1500,2000,400,2000,9600,3400,1000,900,5000,400,4400,2300,2000,400,1800,5000,500,2000,3000,2000,40000,5500,1000,700,100,500,
2017-03-14 14:04:57.398 stock 北方稀土, 价格:1284, 总笔数:38 逐笔量：35900,450,600,800,1000,500,500,5000,1000,100,2000,500,1000,5600,200,3900,8600,2000,2000,1600,1600,100,2000,500,1200,10000,4000,1000,500,400,14500,1000,800,500,1300,3200,500,300,
2017-03-14 14:04:59.343 stock 北方稀土, 价格:1283, 总笔数:37 逐笔量：21835,2000,100,300,400,1200,600,6100,100,200,1000,1500,2000,400,2000,9600,3400,1000,900,5000,400,4400,2300,2000,400,1800,5000,500,2000,3000,2000,40000,5500,1000,700,100,500,
2017-03-14 14:04:59.343 stock 北方稀土, 价格:1284, 总笔数:38 逐笔量：35900,450,600,800,1000,500,500,5000,1000,100,2000,500,1000,5600,200,3900,8600,2000,2000,1600,1600,100,2000,500,1200,10000,4000,1000,500,400,14500,1000,800,500,1300,3200,500,300,
