2017-03-14 14:04:36.420 stock 小商品城, 价格:751, 总笔数:50 逐笔量：3235,1000,500,200,500,10000,1300,500,1000,5000,500,2000,800,500,100,200,100,1000,200,200,500,1200,1000,1000,100,1000,300,500,100,20000,700,1000,5000,100,100,100,100,1000,1000,200,500,1500,900,200,1200,400,500,100,500,1600,
2017-03-14 14:04:36.421 stock 小商品城, 价格:752, 总笔数:23 逐笔量：60000,7400,900,1000,3000,1900,1700,6000,5000,500,2000,500,41800,500,1000,20200,1800,10000,1700,2000,2100,800,10000,
2017-03-14 14:04:49.774 stock 小商品城, 价格:751, 总笔数:50 逐笔量：3035,1000,500,200,500,10000,1300,500,1000,5000,500,2000,800,500,100,200,100,1000,200,200,500,1200,1000,1000,100,1000,300,500,100,20000,700,1000,5000,100,100,100,100,1000,1000,200,500,1500,900,200,1200,400,500,100,500,1600,
2017-03-14 14:04:49.774 stock 小商品城, 价格:752, 总笔数:23 逐笔量：60000,7400,900,1000,3000,1900,1700,6000,5000,500,2000,500,41800,500,1000,20200,1800,10000,1700,2000,2100,800,10000,
2017-03-14 14:04:52.033 stock 小商品城, 价格:751, 总笔数:50 逐笔量：3035,1000,500,200,500,10000,1300,500,1000,5000,500,2000,800,500,100,200,100,1000,200,200,500,1200,1000,1000,100,1000,300,500,100,20000,700,1000,5000,100,100,100,100,1000,1000,200,500,1500,900,200,1200,400,500,100,500,1600,
2017-03-14 14:04:52.033 stock 小商品城, 价格:752, 总笔数:23 逐笔量：60000,7400,900,1000,3000,1900,1700,6000,5000,500,2000,500,41800,500,1000,20200,1800,10000,1700,2000,2100,800,10000,
2017-03-14 14:04:53.735 stock 小商品城, 价格:751, 总笔数:50 逐笔量：3035,1000,500,200,500,10000,1300,500,1000,5000,500,2000,800,500,100,200,100,1000,200,200,500,1200,1000,1000,100,1000,300,500,100,20000,700,5000,100,100,100,100,1000,200,500,1500,900,200,1200,400,500,100,500,1600,1700,500,
2017-03-14 14:04:53.735 stock 小商品城, 价格:752, 总笔数:23 逐笔量：60000,7400,900,1000,3000,1900,1700,6000,5000,500,2000,500,41800,500,1000,20200,1800,10000,1700,2000,2100,800,10000,
2017-03-14 14:04:55.812 stock 小商品城, 价格:751, 总笔数:50 逐笔量：2835,1000,500,200,500,10000,1300,500,1000,5000,500,2000,800,500,100,200,100,1000,200,200,500,1200,1000,1000,100,1000,300,500,100,20000,700,5000,100,100,100,100,1000,200,500,1500,900,200,1200,400,500,100,500,1600,1700,500,
2017-03-14 14:04:55.812 stock 小商品城, 价格:752, 总笔数:23 逐笔量：59900,7400,900,1000,3000,1900,1700,6000,5000,500,2000,500,41800,500,1000,20200,1800,10000,1700,2000,2100,800,10000,
2017-03-14 14:04:57.577 stock 小商品城, 价格:751, 总笔数:50 逐笔量：2835,1000,500,200,500,10000,1300,500,1000,5000,500,2000,800,500,100,200,100,1000,200,200,500,1200,1000,1000,100,1000,300,500,100,20000,700,5000,100,100,100,100,1000,200,500,1500,900,200,1200,400,500,100,500,1600,1700,500,
2017-03-14 14:04:57.578 stock 小商品城, 价格:752, 总笔数:23 逐笔量：59900,7400,900,1000,3000,1900,1700,6000,5000,500,2000,500,41800,500,1000,20200,1800,10000,1700,2000,2100,800,10000,
2017-03-14 14:04:59.435 stock 小商品城, 价格:751, 总笔数:50 逐笔量：2835,1000,500,200,500,10000,1300,500,1000,5000,500,2000,800,500,100,200,100,1000,200,200,500,1200,1000,1000,100,1000,300,500,100,20000,700,5000,100,100,100,100,1000,200,500,1500,900,200,1200,400,500,100,500,1600,1700,500,
2017-03-14 14:04:59.435 stock 小商品城, 价格:752, 总笔数:23 逐笔量：59900,7400,900,1000,3000,1900,1700,6000,5000,500,2000,500,41800,500,1000,20200,1800,10000,1700,2000,2100,800,10000,
