2017-03-14 14:04:36.422 stock 江淮汽车, 价格:1181, 总笔数:4 逐笔量：124804,1000,9000,1800,
2017-03-14 14:04:36.422 stock 江淮汽车, 价格:1182, 总笔数:44 逐笔量：246,300,1000,1000,1000,600,1900,2000,500,100,600,300,500,500,4000,900,500,1000,400,1500,1000,46600,3000,800,7500,3500,4000,1000,500,1800,2700,200,400,2000,300,3200,200,2066,1300,3000,2000,500,2000,20000,
2017-03-14 14:04:49.585 stock 江淮汽车, 价格:1181, 总笔数:4 逐笔量：124804,1000,9000,1800,
2017-03-14 14:04:49.585 stock 江淮汽车, 价格:1182, 总笔数:44 逐笔量：246,300,1000,1000,1000,600,1900,2000,500,100,600,300,500,500,4000,900,500,1000,400,1500,1000,46600,3000,800,7500,3500,4000,1000,500,1800,2700,200,400,2000,300,3200,200,2066,1300,3000,2000,500,2000,20000,
2017-03-14 14:04:51.600 stock 江淮汽车, 价格:1181, 总笔数:4 逐笔量：124804,1000,9000,1800,
2017-03-14 14:04:51.601 stock 江淮汽车, 价格:1182, 总笔数:44 逐笔量：246,300,1000,1000,1000,600,1900,2000,500,100,600,300,500,500,4000,900,500,1000,400,1500,1000,46600,3000,800,7500,3500,4000,1000,500,1800,2700,200,400,2000,300,3200,200,2066,1300,3000,2000,500,2000,20000,
2017-03-14 14:04:53.532 stock 江淮汽车, 价格:1181, 总笔数:5 逐笔量：124804,1000,9000,1800,10000,
2017-03-14 14:04:53.532 stock 江淮汽车, 价格:1182, 总笔数:44 逐笔量：246,300,1000,1000,1000,600,1900,2000,500,100,600,300,500,500,4000,900,500,1000,400,1500,1000,46600,3000,800,7500,3500,4000,1000,500,1800,2700,200,400,2000,300,3200,200,2066,1300,3000,2000,500,2000,20000,
2017-03-14 14:04:56.977 stock 江淮汽车, 价格:1181, 总笔数:5 逐笔量：124804,1000,9000,1800,10000,
2017-03-14 14:04:56.977 stock 江淮汽车, 价格:1182, 总笔数:44 逐笔量：246,300,1000,1000,1000,600,1900,2000,500,100,600,300,500,500,4000,900,500,1000,400,1500,1000,46600,3000,800,7500,3500,4000,1000,500,1800,2700,200,400,2000,300,3200,200,2066,1300,3000,2000,500,2000,20000,
2017-03-14 14:04:57.000 stock 江淮汽车, 价格:1181, 总笔数:5 逐笔量：123704,1000,9000,1800,10000,
2017-03-14 14:04:57.001 stock 江淮汽车, 价格:1182, 总笔数:44 逐笔量：246,300,1000,1000,1000,600,1900,2000,500,100,600,300,500,500,4000,900,500,1000,400,1500,1000,46600,3000,800,7500,3500,4000,1000,500,1800,2700,200,400,2000,300,3200,200,2066,1300,3000,2000,500,2000,20000,
2017-03-14 14:04:59.085 stock 江淮汽车, 价格:1181, 总笔数:5 逐笔量：123704,1000,9000,1800,10000,
2017-03-14 14:04:59.085 stock 江淮汽车, 价格:1182, 总笔数:45 逐笔量：246,300,1000,1000,1000,600,1900,2000,500,100,600,300,500,500,4000,900,500,1000,400,1500,1000,46600,3000,800,7500,3500,4000,1000,500,1800,2700,200,400,2000,300,3200,200,2066,1300,3000,2000,500,2000,20000,5000,
2017-03-14 14:04:59.085 stock 江淮汽车, 价格:1181, 总笔数:5 逐笔量：118704,1000,9000,1800,10000,
2017-03-14 14:04:59.085 stock 江淮汽车, 价格:1182, 总笔数:45 逐笔量：246,300,1000,1000,1000,600,1900,2000,500,100,600,300,500,500,4000,900,500,1000,400,1500,1000,46600,3000,800,7500,3500,4000,1000,500,1800,2700,200,400,2000,300,3200,200,2066,1300,3000,2000,500,2000,20000,5000,
