2017-03-14 14:04:36.057 stock 海泰发展, 价格:859, 总笔数:1 逐笔量：8200,
2017-03-14 14:04:36.057 stock 海泰发展, 价格:860, 总笔数:50 逐笔量：900,5000,2000,500,5400,1000,5000,3000,500,7100,5000,1000,2000,1400,3000,1900,1000,1000,1000,1000,1000,1000,5300,1000,1100,2600,10000,100,8000,600,1000,500,26600,1400,5000,5500,200,100,3000,500,2000,600,3200,3000,300,1200,300,1000,100,1000,
2017-03-14 14:04:49.535 stock 海泰发展, 价格:859, 总笔数:1 逐笔量：5200,
2017-03-14 14:04:49.536 stock 海泰发展, 价格:860, 总笔数:50 逐笔量：900,5000,2000,500,5400,1000,5000,3000,500,7100,5000,1000,2000,1400,3000,1900,1000,1000,1000,1000,1000,1000,5300,1000,1100,2600,10000,100,8000,600,1000,500,26600,1400,5000,5500,200,100,3000,500,2000,600,3200,3000,300,1200,300,1000,100,1000,
2017-03-14 14:04:51.565 stock 海泰发展, 价格:859, 总笔数:1 逐笔量：4400,
2017-03-14 14:04:51.566 stock 海泰发展, 价格:860, 总笔数:50 逐笔量：4400,2000,500,5400,1000,5000,3000,500,7100,5000,1000,2000,1400,3000,1900,1000,1000,1000,1000,1000,1000,5300,1000,1100,2600,10000,100,8000,600,1000,500,26600,1400,5000,5500,200,100,3000,500,2000,600,3200,3000,300,1200,300,1000,100,1000,900,
2017-03-14 14:04:53.485 stock 海泰发展, 价格:859, 总笔数:1 逐笔量：1700,
2017-03-14 14:04:53.485 stock 海泰发展, 价格:860, 总笔数:50 逐笔量：4400,2000,500,5400,1000,5000,3000,500,7100,5000,1000,2000,1400,3000,1900,1000,1000,1000,1000,1000,1000,5300,1000,1100,2600,10000,100,8000,600,1000,500,26600,1400,5000,5500,200,100,3000,500,2000,600,3200,3000,300,1200,300,1000,100,1000,900,
2017-03-14 14:04:55.588 stock 海泰发展, 价格:859, 总笔数:1 逐笔量：1700,
2017-03-14 14:04:55.589 stock 海泰发展, 价格:860, 总笔数:50 逐笔量：4400,2000,500,5400,1000,5000,3000,500,7100,5000,1000,2000,1400,3000,1900,1000,1000,1000,1000,1000,1000,5300,1000,1100,2600,10000,100,8000,600,1000,500,26600,1400,5000,5500,200,100,3000,500,2000,600,3200,3000,300,1200,300,1000,100,1000,900,
2017-03-14 14:04:56.957 stock 海泰发展, 价格:859, 总笔数:2 逐笔量：1200,100,
2017-03-14 14:04:56.957 stock 海泰发展, 价格:860, 总笔数:50 逐笔量：1400,500,5400,1000,5000,3000,500,7100,5000,1000,2000,1400,3000,1900,1000,1000,1000,1000,1000,1000,5300,1000,1100,2600,10000,100,8000,600,1000,500,26600,1400,5000,5500,200,100,3000,500,2000,600,3200,3000,300,1200,300,1000,100,1000,900,5000,
2017-03-14 14:04:59.052 stock 海泰发展, 价格:858, 总笔数:6 逐笔量：3000,500,5000,300,20000,300,
2017-03-14 14:04:59.052 stock 海泰发展, 价格:859, 总笔数:1 逐笔量：1000,
