2017-03-14 14:04:36.343 stock 浙江龙盛, 价格:958, 总笔数:50 逐笔量：800,1000,1000,700,1000,1000,1000,1500,1000,2000,500,500,10000,500,300,1200,1100,8400,500,5200,3000,1000,2100,1100,5000,1800,1100,6000,200,700,1000,2000,20000,300,3600,5000,200,600,1000,2900,2000,200,2300,1000,3300,200,5300,1100,2000,4000,
2017-03-14 14:04:36.343 stock 浙江龙盛, 价格:959, 总笔数:6 逐笔量：23927,2500,10000,53800,1000,3600,
2017-03-14 14:04:49.583 stock 浙江龙盛, 价格:958, 总笔数:50 逐笔量：800,1000,1000,700,1000,1000,1000,1500,1000,2000,500,500,10000,500,300,1200,1100,8400,500,5200,3000,1000,2100,1100,5000,1800,1100,6000,200,700,1000,2000,20000,300,3600,5000,200,600,1000,2900,2000,200,2300,1000,3300,200,5300,1100,2000,4000,
2017-03-14 14:04:49.583 stock 浙江龙盛, 价格:959, 总笔数:6 逐笔量：23827,2500,10000,53800,1000,3600,
2017-03-14 14:04:53.525 stock 浙江龙盛, 价格:958, 总笔数:50 逐笔量：800,1000,1000,700,1000,1000,1000,1500,1000,2000,500,500,10000,500,300,1200,1100,8400,500,5200,3000,1000,2100,1100,5000,1800,1100,6000,200,700,1000,2000,20000,300,3600,5000,200,600,1000,2900,2000,200,2300,1000,3300,200,5300,1100,2000,4000,
2017-03-14 14:04:53.526 stock 浙江龙盛, 价格:959, 总笔数:7 逐笔量：23827,2500,10000,53800,1000,3600,1800,
2017-03-14 14:04:55.665 stock 浙江龙盛, 价格:958, 总笔数:50 逐笔量：800,1000,1000,700,1000,1000,1000,1500,1000,2000,500,500,10000,500,300,1200,1100,8400,500,5200,3000,1000,2100,1100,5000,1800,1100,6000,200,700,1000,2000,20000,300,3600,5000,200,600,1000,2900,2000,200,2300,1000,3300,200,5300,1100,2000,4000,
2017-03-14 14:04:55.666 stock 浙江龙盛, 价格:959, 总笔数:6 逐笔量：23827,2500,10000,1000,3600,1800,
2017-03-14 14:04:59.083 stock 浙江龙盛, 价格:958, 总笔数:50 逐笔量：800,1000,1000,700,1000,1000,1000,1500,1000,2000,500,500,10000,500,300,1200,1100,8400,500,5200,3000,1000,2100,1100,5000,1800,1100,6000,200,700,1000,2000,20000,300,3600,5000,200,600,1000,2900,2000,200,2300,1000,3300,200,5300,1100,2000,4000,
2017-03-14 14:04:59.083 stock 浙江龙盛, 价格:959, 总笔数:6 逐笔量：23827,2500,10000,1000,3600,1800,
