2017-03-14 14:04:36.014 stock 上港集团, 价格:560, 总笔数:50 逐笔量：51200,500,1000,5100,2800,1000,500,1000,10000,1000,1000,3000,2000,500,5000,1000,1000,1000,500,30000,400,500,2000,400,1000,1000,1000,100,1000,5000,1000,10000,400,500,1000,5000,200,200,300,1300,500,10000,1000,800,300,1000,1000,600,500,1000,
2017-03-14 14:04:36.014 stock 上港集团, 价格:561, 总笔数:36 逐笔量：77631,500,6000,7100,400,10000,5000,105000,8800,24100,600,700,100,4800,2000,5000,2900,19000,100,500,300,900,4100,1800,3000,10000,300,62500,2000,1800,100,1800,1000,5000,100,33000,
2017-03-14 14:04:49.634 stock 上港集团, 价格:560, 总笔数:50 逐笔量：51200,500,1000,5100,2800,1000,500,1000,10000,1000,3000,2000,500,5000,1000,1000,1000,500,30000,400,500,2000,400,1000,1000,1000,100,1000,5000,1000,10000,400,500,1000,5000,200,200,300,1300,500,10000,1000,800,300,1000,1000,600,500,1000,3000,
2017-03-14 14:04:49.634 stock 上港集团, 价格:561, 总笔数:36 逐笔量：76431,500,6000,7100,400,10000,5000,105000,8800,24100,600,700,100,4800,2000,5000,2900,19000,100,500,300,900,4100,1800,3000,10000,300,62500,2000,1800,100,1800,1000,5000,100,33000,
2017-03-14 14:04:51.770 stock 上港集团, 价格:560, 总笔数:50 逐笔量：51200,500,1000,5100,2800,1000,500,1000,10000,1000,3000,2000,500,5000,1000,1000,1000,500,30000,400,500,2000,400,1000,1000,1000,100,1000,5000,1000,10000,400,500,1000,5000,200,200,300,1300,500,10000,1000,800,300,1000,1000,600,500,1000,3000,
2017-03-14 14:04:51.770 stock 上港集团, 价格:561, 总笔数:37 逐笔量：76331,500,6000,7100,400,10000,5000,105000,8800,24100,600,700,100,4800,2000,5000,2900,19000,100,500,300,900,4100,1800,3000,10000,300,62500,2000,1800,100,1800,1000,5000,100,33000,400,
2017-03-14 14:04:53.579 stock 上港集团, 价格:560, 总笔数:50 逐笔量：51200,500,1000,5100,2800,1000,500,1000,10000,1000,3000,2000,500,5000,1000,1000,1000,500,30000,400,500,2000,400,1000,1000,1000,100,1000,5000,1000,10000,400,500,1000,5000,200,200,300,1300,500,10000,1000,800,300,1000,1000,600,500,1000,3000,
2017-03-14 14:04:53.580 stock 上港集团, 价格:561, 总笔数:38 逐笔量：76331,500,6000,7100,400,10000,5000,105000,8800,24100,600,700,100,4800,2000,5000,2900,19000,100,500,300,900,4100,1800,3000,10000,300,62500,2000,1800,100,1800,1000,5000,100,33000,400,12000,
2017-03-14 14:04:55.330 stock 上港集团, 价格:560, 总笔数:50 逐笔量：900,1000,800,300,1000,1000,600,500,1000,3000,100,500,1600,500,2100,4000,10000,500,1000,2000,500,1000,3700,200,200,1000,1000,200,5300,200,1000,1900,300,400,100,30000,1000,1000,2000,1000,500,3000,10000,100,300,10000,600,1500,200,2000,
2017-03-14 14:04:55.331 stock 上港集团, 价格:561, 总笔数:39 逐笔量：76331,500,6000,7100,400,10000,5000,105000,8800,24100,600,700,100,4800,2000,5000,2900,19000,100,500,300,900,4100,1800,3000,10000,300,62500,2000,1800,100,1800,1000,5000,100,33000,400,12000,4000,
2017-03-14 14:04:59.254 stock 上港集团, 价格:560, 总笔数:50 逐笔量：200,800,300,1000,1000,600,500,1000,3000,100,500,1600,500,2100,4000,10000,500,1000,2000,500,1000,3700,200,200,1000,1000,200,5300,200,1000,1900,300,400,100,30000,1000,1000,2000,1000,500,3000,10000,100,300,10000,600,1500,200,2000,2000,
2017-03-14 14:04:59.254 stock 上港集团, 价格:561, 总笔数:39 逐笔量：75331,500,6000,7100,400,10000,5000,105000,8800,24100,600,700,100,4800,2000,5000,2900,19000,100,500,300,900,4100,1800,3000,10000,300,62500,2000,1800,100,1800,1000,5000,100,33000,400,12000,4000,
