2017-03-14 14:04:36.321 stock 国栋建设, 价格:587, 总笔数:23 逐笔量：1800,2000,200,100,300,1000,500,1500,1700,2000,500,100,300,5000,800,200,1000,500,1000,1200,6000,200,1800,
2017-03-14 14:04:36.323 stock 国栋建设, 价格:588, 总笔数:18 逐笔量：2200,500,2000,600,7000,2900,400,1000,10000,700,4300,100,2000,2000,2400,50000,2600,200,
2017-03-14 14:04:49.580 stock 国栋建设, 价格:587, 总笔数:24 逐笔量：1800,2000,200,100,300,1000,500,1500,1700,2000,500,100,300,5000,800,200,1000,500,1000,1200,6000,200,1800,200,
2017-03-14 14:04:49.580 stock 国栋建设, 价格:588, 总笔数:18 逐笔量：2200,500,2000,600,7000,2900,400,1000,10000,700,4300,100,2000,2000,2400,50000,2600,200,
2017-03-14 14:04:51.578 stock 国栋建设, 价格:587, 总笔数:24 逐笔量：1800,2000,200,100,300,1000,500,1500,1700,2000,500,100,300,5000,800,200,1000,500,1000,1200,6000,200,1800,200,
2017-03-14 14:04:51.578 stock 国栋建设, 价格:588, 总笔数:18 逐笔量：2200,500,2000,600,7000,2900,400,1000,10000,700,4300,100,2000,2000,2400,50000,2600,200,
2017-03-14 14:04:53.524 stock 国栋建设, 价格:587, 总笔数:24 逐笔量：1300,2000,200,100,300,1000,500,1500,1700,2000,500,100,300,5000,800,200,1000,500,1000,1200,6000,200,1800,200,
2017-03-14 14:04:53.524 stock 国栋建设, 价格:588, 总笔数:19 逐笔量：2200,500,2000,600,7000,2900,400,1000,10000,700,4300,100,2000,2000,2400,50000,2600,200,1500,
2017-03-14 14:04:55.661 stock 国栋建设, 价格:587, 总笔数:26 逐笔量：1300,2000,200,100,300,1000,500,1500,1700,2000,500,100,300,5000,800,200,1000,500,1000,1200,6000,200,1800,200,1000,600,
2017-03-14 14:04:55.662 stock 国栋建设, 价格:588, 总笔数:20 逐笔量：2200,500,2000,600,7000,2900,400,1000,10000,700,4300,100,2000,2000,2400,50000,2600,200,1500,1000,
2017-03-14 14:04:56.969 stock 国栋建设, 价格:587, 总笔数:26 逐笔量：1300,2000,200,100,300,1000,500,1500,1700,2000,500,100,300,5000,800,200,1000,500,1000,1200,6000,200,1800,200,1000,600,
2017-03-14 14:04:56.969 stock 国栋建设, 价格:588, 总笔数:20 逐笔量：2200,500,2000,600,7000,2900,400,1000,10000,700,4300,100,2000,2000,2400,50000,2600,200,1500,1000,
2017-03-14 14:04:59.064 stock 国栋建设, 价格:587, 总笔数:27 逐笔量：1300,2000,200,100,300,1000,500,1500,1700,2000,500,100,300,5000,800,200,1000,500,1000,1200,6000,200,1800,200,1000,600,500,
2017-03-14 14:04:59.064 stock 国栋建设, 价格:588, 总笔数:20 逐笔量：2200,500,2000,600,7000,2900,400,1000,10000,700,4300,100,2000,2000,2400,50000,2600,200,1500,1000,
