2017-03-14 14:04:36.537 stock 方正科技, 价格:457, 总笔数:50 逐笔量：41200,2000,71200,800,1000,200,1000,100,1000,2500,3800,700,1000,400,1500,1000,20000,6000,5000,3000,50000,6400,600,500,500,500,20000,700,5000,400,2000,2000,10000,400,2000,500,2200,600,500,500,1000,700,4400,1000,700,1000,1000,100,100,100,
2017-03-14 14:04:36.537 stock 方正科技, 价格:458, 总笔数:33 逐笔量：12700,300,1000,500,200,6000,1400,20000,16700,3000,2000,3300,8500,300,100,1200,8000,200,300,1000,1800,2000,1700,2600,52000,300,1000,1000,500,15000,300,10000,2000,
2017-03-14 14:04:51.706 stock 方正科技, 价格:457, 总笔数:50 逐笔量：41200,2000,71200,800,1000,200,1000,100,1000,2500,3800,700,1000,400,1500,1000,20000,6000,5000,3000,50000,6400,600,500,500,500,20000,700,5000,400,2000,2000,10000,400,2000,500,2200,600,500,500,1000,700,4400,1000,700,1000,1000,100,100,100,
2017-03-14 14:04:51.707 stock 方正科技, 价格:458, 总笔数:33 逐笔量：12700,300,1000,500,200,6000,1400,20000,16700,3000,2000,3300,8500,300,100,1200,8000,200,300,1000,1800,2000,1700,2600,52000,300,1000,1000,500,15000,300,10000,2000,
2017-03-14 14:04:55.223 stock 方正科技, 价格:457, 总笔数:50 逐笔量：39200,2000,71200,800,1000,200,1000,100,1000,2500,3800,700,1000,400,1500,1000,20000,6000,5000,3000,50000,6400,600,500,500,500,20000,700,5000,400,2000,2000,10000,400,2000,500,2200,600,500,500,1000,700,4400,1000,700,1000,1000,100,100,100,
2017-03-14 14:04:55.224 stock 方正科技, 价格:458, 总笔数:34 逐笔量：12700,300,1000,500,200,6000,1400,20000,16700,3000,2000,3300,8500,300,100,1200,8000,200,300,1000,1800,2000,1700,2600,52000,300,1000,1000,500,15000,300,10000,2000,300,
2017-03-14 14:04:57.364 stock 方正科技, 价格:457, 总笔数:50 逐笔量：29400,2000,71200,800,1000,200,1000,100,1000,2500,3800,700,1000,400,1500,1000,20000,6000,5000,3000,50000,6400,600,500,500,500,20000,700,5000,400,2000,2000,10000,400,2000,500,2200,600,500,500,1000,700,4400,1000,700,1000,1000,100,100,100,
2017-03-14 14:04:57.364 stock 方正科技, 价格:458, 总笔数:34 逐笔量：12700,300,1000,500,200,6000,1400,20000,16700,3000,2000,3300,8500,300,100,1200,8000,200,300,1000,1800,2000,1700,2600,52000,300,1000,1000,500,15000,300,10000,2000,300,
2017-03-14 14:04:59.170 stock 方正科技, 价格:457, 总笔数:50 逐笔量：29400,2000,71200,800,1000,200,1000,100,1000,2500,3800,700,1000,400,1500,1000,20000,6000,5000,3000,50000,6400,600,500,500,500,20000,700,5000,400,2000,2000,10000,400,2000,500,2200,600,500,500,1000,700,4400,1000,700,1000,1000,100,100,100,
2017-03-14 14:04:59.170 stock 方正科技, 价格:458, 总笔数:34 逐笔量：12700,300,1000,500,200,6000,1400,20000,16700,3000,2000,3300,8500,300,100,1200,8000,200,300,1000,1800,2000,1700,2600,52000,300,1000,1000,500,15000,300,10000,2000,300,
