2017-03-14 14:04:36.460 stock 晋西车轴, 价格:804, 总笔数:50 逐笔量：2480,200,500,200,600,1400,9400,400,1000,1000,300,1000,2000,1500,3000,100,4000,1000,500,1300,900,300,800,1000,2000,100,700,2000,1000,500,200,700,1700,600,200,1100,10000,600,200,500,3000,500,1500,1000,5000,5000,1000,300,2000,1400,
2017-03-14 14:04:36.460 stock 晋西车轴, 价格:805, 总笔数:6 逐笔量：2300,100,5300,1000,1400,25000,
2017-03-14 14:04:49.260 stock 晋西车轴, 价格:804, 总笔数:50 逐笔量：2480,200,500,200,600,1400,9400,400,1000,1000,300,1000,2000,1500,3000,100,4000,1000,500,1300,900,300,800,1000,2000,100,700,2000,1000,500,700,1700,600,200,1100,10000,600,200,500,3000,500,1500,1000,5000,5000,1000,300,2000,1400,1000,
2017-03-14 14:04:49.260 stock 晋西车轴, 价格:805, 总笔数:6 逐笔量：2300,100,5300,1000,1400,25000,
2017-03-14 14:04:51.958 stock 晋西车轴, 价格:804, 总笔数:50 逐笔量：2480,200,500,200,600,1400,9400,400,1000,1000,300,2000,1500,3000,100,4000,1000,500,1300,900,300,800,1000,2000,100,700,2000,1000,500,700,1700,600,200,1100,10000,600,200,500,3000,500,1500,1000,5000,5000,1000,300,2000,1400,1000,400,
2017-03-14 14:04:51.958 stock 晋西车轴, 价格:805, 总笔数:6 逐笔量：2300,100,5300,1000,1400,25000,
2017-03-14 14:04:53.367 stock 晋西车轴, 价格:804, 总笔数:50 逐笔量：2480,200,500,200,600,1400,9400,400,1000,1000,300,2000,1500,3000,100,4000,1000,500,1300,900,300,800,1000,2000,100,700,2000,1000,500,700,1700,600,200,1100,10000,600,200,500,3000,500,1500,1000,5000,5000,1000,300,2000,1400,1000,400,
2017-03-14 14:04:53.367 stock 晋西车轴, 价格:805, 总笔数:7 逐笔量：2300,100,5300,1000,1400,25000,2000,
2017-03-14 14:04:55.301 stock 晋西车轴, 价格:804, 总笔数:50 逐笔量：2480,200,500,200,600,1400,9400,400,1000,1000,300,2000,1500,3000,100,4000,1000,500,1300,900,300,800,1000,2000,100,700,2000,1000,500,700,1700,600,200,1100,10000,600,200,500,3000,500,1500,1000,5000,5000,1000,300,2000,1400,1000,400,
2017-03-14 14:04:55.301 stock 晋西车轴, 价格:805, 总笔数:8 逐笔量：2300,100,5300,1000,1400,25000,2000,1000,
2017-03-14 14:04:55.301 stock 晋西车轴, 价格:804, 总笔数:50 逐笔量：1480,200,500,200,600,1400,9400,400,1000,1000,300,2000,1500,3000,100,4000,1000,500,1300,900,300,800,1000,2000,100,700,2000,1000,500,700,1700,600,200,1100,10000,600,200,500,3000,500,1500,1000,5000,5000,1000,300,2000,1400,1000,400,
2017-03-14 14:04:55.301 stock 晋西车轴, 价格:805, 总笔数:8 逐笔量：2300,100,5300,1000,1400,25000,2000,1000,
2017-03-14 14:04:57.448 stock 晋西车轴, 价格:804, 总笔数:50 逐笔量：1480,200,500,200,600,1400,9400,400,1000,1000,300,2000,1500,3000,100,4000,1000,500,1300,900,300,800,1000,2000,100,700,2000,1000,500,700,1700,600,200,1100,10000,600,200,500,3000,500,1500,1000,5000,5000,1000,300,2000,1400,1000,400,
2017-03-14 14:04:57.448 stock 晋西车轴, 价格:805, 总笔数:8 逐笔量：2300,100,5300,1000,1400,25000,2000,1000,
2017-03-14 14:04:59.375 stock 晋西车轴, 价格:804, 总笔数:50 逐笔量：1480,200,500,200,600,1400,9400,400,1000,1000,300,2000,1500,3000,100,4000,1000,500,1300,900,300,800,1000,2000,100,700,2000,1000,500,700,1700,600,200,1100,10000,600,200,500,3000,500,1500,1000,5000,5000,1000,300,2000,1400,1000,400,
2017-03-14 14:04:59.375 stock 晋西车轴, 价格:805, 总笔数:9 逐笔量：2300,100,5300,1000,1400,25000,2000,1000,2000,
