2017-03-14 14:04:36.013 stock 日照港, 价格:408, 总笔数:50 逐笔量：1782,5000,500,600,10000,1000,4100,800,1500,4900,4400,1000,700,1000,200,300,1000,50000,200,5000,800,120000,1000,500,7400,500,5000,141000,17500,500,2100,800,5000,10000,15700,7000,200,50000,51500,100100,300,2000,60000,155200,10000,1200,100,100000,4800,19000,
2017-03-14 14:04:36.013 stock 日照港, 价格:409, 总笔数:10 逐笔量：13000,2000,1800,3000,3000,45300,5000,5000,4400,5000,
2017-03-14 14:04:49.291 stock 日照港, 价格:408, 总笔数:50 逐笔量：1782,5000,500,600,10000,1000,4100,800,1500,4900,4400,1000,700,1000,200,300,1000,50000,200,5000,800,120000,1000,500,7400,500,5000,141000,17500,500,2100,800,5000,10000,15700,7000,200,50000,51500,100100,300,2000,60000,155200,10000,1200,100,100000,4800,19000,
2017-03-14 14:04:49.291 stock 日照港, 价格:409, 总笔数:11 逐笔量：13000,2000,1800,3000,3000,45300,5000,5000,4400,5000,157500,
2017-03-14 14:04:53.227 stock 日照港, 价格:408, 总笔数:50 逐笔量：1782,5000,500,600,10000,1000,4100,800,1500,4900,4400,1000,700,1000,200,300,1000,50000,200,5000,800,120000,1000,500,7400,500,141000,17500,500,2100,800,5000,10000,15700,7000,200,50000,51500,100100,300,2000,60000,155200,10000,1200,100,100000,4800,19000,500,
2017-03-14 14:04:53.227 stock 日照港, 价格:409, 总笔数:12 逐笔量：12600,2000,1800,3000,3000,45300,5000,5000,4400,5000,157500,5000,
2017-03-14 14:04:55.158 stock 日照港, 价格:408, 总笔数:50 逐笔量：1782,5000,500,600,10000,1000,4100,800,1500,4900,4400,1000,700,1000,200,300,1000,50000,200,5000,800,120000,1000,500,7400,500,141000,17500,500,2100,800,5000,10000,15700,7000,200,50000,51500,100100,300,2000,60000,155200,10000,1200,100,100000,4800,19000,500,
2017-03-14 14:04:55.158 stock 日照港, 价格:409, 总笔数:13 逐笔量：12600,2000,1800,3000,3000,45300,5000,5000,4400,5000,157500,5000,300,
2017-03-14 14:04:57.306 stock 日照港, 价格:408, 总笔数:50 逐笔量：1782,5000,500,600,10000,1000,4100,800,1500,4900,4400,1000,700,1000,200,300,1000,50000,200,5000,800,120000,1000,500,7400,500,141000,17500,500,2100,800,5000,10000,15700,7000,200,50000,51500,100100,300,2000,60000,155200,10000,1200,100,100000,4800,19000,500,
2017-03-14 14:04:57.307 stock 日照港, 价格:409, 总笔数:14 逐笔量：12600,2000,1800,3000,3000,45300,5000,5000,4400,5000,157500,5000,300,4800,
2017-03-14 14:04:59.117 stock 日照港, 价格:408, 总笔数:50 逐笔量：1782,5000,500,600,10000,1000,4100,800,1500,4900,4400,1000,700,1000,200,300,1000,50000,200,5000,800,120000,1000,500,7400,500,141000,17500,500,2100,800,5000,10000,15700,7000,200,50000,51500,100100,300,2000,60000,155200,10000,1200,100,100000,4800,19000,500,
2017-03-14 14:04:59.118 stock 日照港, 价格:409, 总笔数:13 逐笔量：12300,2000,3000,3000,45300,5000,5000,4400,5000,157500,5000,300,4800,
