2017-03-14 14:04:36.303 stock 维维股份, 价格:683, 总笔数:34 逐笔量：4100,1000,4600,3000,5000,6000,1000,10000,200,5000,800,2000,200,200,700,600,800,1000,500,1500,200,1000,500,3000,500,2000,500,18400,33800,7100,400,1000,2600,2100,
2017-03-14 14:04:36.303 stock 维维股份, 价格:684, 总笔数:2 逐笔量：30300,15500,
2017-03-14 14:04:49.646 stock 维维股份, 价格:683, 总笔数:34 逐笔量：4000,1000,4600,3000,5000,6000,1000,10000,200,5000,800,2000,200,200,700,600,800,1000,500,1500,200,1000,500,3000,500,2000,500,18400,33800,7100,400,1000,2600,2100,
2017-03-14 14:04:49.646 stock 维维股份, 价格:684, 总笔数:2 逐笔量：30300,15500,
2017-03-14 14:04:51.838 stock 维维股份, 价格:683, 总笔数:34 逐笔量：4000,1000,4600,3000,5000,6000,1000,10000,200,5000,800,2000,200,200,700,600,800,1000,500,1500,200,1000,500,3000,500,2000,500,18400,33800,7100,400,1000,2600,2100,
2017-03-14 14:04:51.839 stock 维维股份, 价格:684, 总笔数:2 逐笔量：30300,15500,
2017-03-14 14:04:53.609 stock 维维股份, 价格:683, 总笔数:34 逐笔量：4000,1000,4600,3000,5000,6000,1000,10000,200,5000,800,2000,200,200,700,600,800,1000,500,1500,200,1000,500,3000,500,2000,500,18400,33800,7100,400,1000,2600,2100,
2017-03-14 14:04:53.609 stock 维维股份, 价格:684, 总笔数:2 逐笔量：30200,15500,
2017-03-14 14:04:55.376 stock 维维股份, 价格:683, 总笔数:34 逐笔量：4000,1000,4600,3000,5000,6000,1000,10000,200,5000,800,2000,200,200,700,600,800,1000,500,1500,200,1000,500,3000,500,2000,500,18400,33800,7100,400,1000,2600,2100,
2017-03-14 14:04:55.376 stock 维维股份, 价格:684, 总笔数:3 逐笔量：30200,15500,200,
2017-03-14 14:04:59.264 stock 维维股份, 价格:683, 总笔数:34 逐笔量：4000,1000,4600,3000,5000,6000,1000,10000,200,5000,800,2000,200,200,700,600,800,1000,500,1500,200,1000,500,3000,500,2000,500,18400,33800,7100,400,1000,2600,2100,
2017-03-14 14:04:59.264 stock 维维股份, 价格:684, 总笔数:3 逐笔量：30100,15500,200,
