2017-03-14 14:04:36.153 stock 大龙地产, 价格:573, 总笔数:1 逐笔量：52823,
2017-03-14 14:04:36.155 stock 大龙地产, 价格:574, 总笔数:46 逐笔量：703,100,87600,500,100,5000,50000,10000,2300,3800,400,6000,1000,3100,10000,100,100,1100,2000,100,400,1000,100,500,100,2700,2000,5000,100,3700,3600,1400,3700,2700,3600,5200,1000,26000,500,10000,3000,20000,300,100,400,1000,
2017-03-14 14:04:49.315 stock 大龙地产, 价格:573, 总笔数:1 逐笔量：2723,
2017-03-14 14:04:49.316 stock 大龙地产, 价格:574, 总笔数:46 逐笔量：703,100,87600,500,100,5000,50000,10000,2300,3800,400,6000,1000,3100,10000,100,100,1100,2000,100,400,1000,100,500,100,2700,2000,5000,100,3700,3600,1400,3700,2700,3600,5200,1000,26000,500,10000,3000,20000,300,100,400,1000,
2017-03-14 14:04:51.651 stock 大龙地产, 价格:573, 总笔数:1 逐笔量：1123,
2017-03-14 14:04:51.652 stock 大龙地产, 价格:574, 总笔数:46 逐笔量：703,100,87600,500,100,5000,50000,10000,2300,3800,400,6000,1000,3100,10000,100,100,1100,2000,100,400,1000,100,500,100,2700,2000,5000,100,3700,3600,1400,3700,2700,3600,5200,1000,26000,500,10000,3000,20000,300,100,400,1000,
2017-03-14 14:04:53.263 stock 大龙地产, 价格:573, 总笔数:1 逐笔量：1123,
2017-03-14 14:04:53.263 stock 大龙地产, 价格:573, 总笔数:1 逐笔量：877,
2017-03-14 14:04:53.264 stock 大龙地产, 价格:572, 总笔数:11 逐笔量：218553,5000,500,2600,9000,1300,1000,200,2800,400,6500,
2017-03-14 14:04:53.264 stock 大龙地产, 价格:573, 总笔数:1 逐笔量：877,
2017-03-14 14:04:55.167 stock 大龙地产, 价格:572, 总笔数:11 逐笔量：218553,5000,500,2600,9000,1300,1000,200,2800,400,6500,
2017-03-14 14:04:55.167 stock 大龙地产, 价格:574, 总笔数:47 逐笔量：703,100,87600,500,100,5000,50000,10000,2300,3800,400,6000,1000,3100,10000,100,100,1100,2000,100,400,1000,100,500,100,2700,2000,5000,100,3700,3600,1400,3700,2700,3600,5200,1000,26000,500,10000,3000,20000,300,100,400,1000,100,
2017-03-14 14:04:55.179 stock 大龙地产, 价格:573, 总笔数:1 逐笔量：38723,
2017-03-14 14:04:55.179 stock 大龙地产, 价格:574, 总笔数:47 逐笔量：703,100,87600,500,100,5000,50000,10000,2300,3800,400,6000,1000,3100,10000,100,100,1100,2000,100,400,1000,100,500,100,2700,2000,5000,100,3700,3600,1400,3700,2700,3600,5200,1000,26000,500,10000,3000,20000,300,100,400,1000,100,
2017-03-14 14:04:57.316 stock 大龙地产, 价格:573, 总笔数:1 逐笔量：33723,
2017-03-14 14:04:57.317 stock 大龙地产, 价格:574, 总笔数:47 逐笔量：703,100,87600,500,100,5000,50000,10000,2300,3800,400,6000,1000,3100,10000,100,100,1100,2000,100,400,1000,100,500,100,2700,2000,5000,100,3700,3600,1400,3700,2700,3600,5200,1000,26000,500,10000,3000,20000,300,100,400,1000,100,
