2017-03-14 14:04:36.273 stock 广汇能源, 价格:456, 总笔数:50 逐笔量：158600,1500,6600,1600,600,5000,1400,33100,9700,11400,5500,2000,100,100,11000,2200,27000,500,200,200,1000,600,1000,1000,4600,2700,100,700,2000,1000,800,5000,1000,200,1000,4400,100,200,300,5000,1000,500,100,4900,100,600,200,5600,200,600,
2017-03-14 14:04:36.274 stock 广汇能源, 价格:457, 总笔数:1 逐笔量：16800,
2017-03-14 14:04:51.574 stock 广汇能源, 价格:456, 总笔数:50 逐笔量：158600,1500,6600,1600,600,5000,1400,33100,9700,11400,5500,2000,100,100,11000,2200,27000,500,200,200,1000,600,1000,1000,4600,2700,100,700,2000,1000,800,5000,1000,200,1000,4400,100,200,300,5000,1000,500,100,4900,100,600,200,5600,200,600,
2017-03-14 14:04:51.575 stock 广汇能源, 价格:457, 总笔数:1 逐笔量：16800,
2017-03-14 14:04:53.519 stock 广汇能源, 价格:456, 总笔数:50 逐笔量：158600,1500,6600,1600,600,5000,1400,33100,9700,11400,5500,2000,100,100,11000,2200,27000,500,200,200,1000,600,1000,1000,4600,2700,100,700,2000,1000,800,5000,1000,200,1000,4400,100,200,300,5000,1000,500,100,4900,100,600,200,5600,200,600,
2017-03-14 14:04:53.519 stock 广汇能源, 价格:457, 总笔数:2 逐笔量：15800,3600,
2017-03-14 14:04:55.657 stock 广汇能源, 价格:456, 总笔数:50 逐笔量：150200,1500,6600,1600,600,5000,1400,33100,9700,11400,5500,2000,100,100,11000,2200,27000,500,200,200,1000,600,1000,1000,4600,2700,100,700,2000,1000,800,5000,1000,200,1000,4400,100,200,300,5000,1000,500,100,4900,100,600,200,5600,200,600,
2017-03-14 14:04:55.657 stock 广汇能源, 价格:457, 总笔数:2 逐笔量：15800,3600,
2017-03-14 14:04:56.965 stock 广汇能源, 价格:456, 总笔数:50 逐笔量：150200,1500,6600,1600,600,5000,1400,33100,9700,11400,5500,2000,100,100,11000,2200,27000,500,200,200,1000,600,1000,1000,4600,2700,100,700,2000,1000,800,5000,1000,200,1000,4400,100,200,300,5000,1000,500,100,4900,100,600,200,5600,200,600,
2017-03-14 14:04:56.965 stock 广汇能源, 价格:457, 总笔数:2 逐笔量：15800,3600,
2017-03-14 14:04:59.059 stock 广汇能源, 价格:456, 总笔数:50 逐笔量：150200,1500,6600,1600,600,5000,1400,33100,9700,11400,5500,2000,100,100,11000,2200,27000,500,200,200,1000,600,1000,1000,4600,2700,100,700,2000,1000,800,5000,1000,200,1000,4400,100,200,300,5000,1000,500,100,4900,100,600,200,5600,200,600,
2017-03-14 14:04:59.059 stock 广汇能源, 价格:457, 总笔数:2 逐笔量：15800,3600,
