2017-03-14 14:04:36.478 stock 中天科技, 价格:1147, 总笔数:37 逐笔量：3600,9900,1000,1000,100,4200,6900,5000,2500,2000,500,500,10000,1000,1500,900,4000,1000,1000,2000,100,5000,2000,1000,2000,200,500,100,1000,5500,300,400,200,1000,100,1000,1100,
2017-03-14 14:04:36.478 stock 中天科技, 价格:1148, 总笔数:13 逐笔量：500,10000,5100,500,1000,500,500,1000,3000,3000,800,1000,20000,
2017-03-14 14:04:49.262 stock 中天科技, 价格:1147, 总笔数:40 逐笔量：3600,9900,1000,1000,100,4200,6900,5000,2500,2000,500,500,10000,1000,1500,900,4000,1000,1000,2000,100,5000,2000,1000,2000,200,500,100,1000,5500,300,400,200,1000,100,1000,1100,800,300,500,
2017-03-14 14:04:49.262 stock 中天科技, 价格:1148, 总笔数:13 逐笔量：6800,5100,500,1000,500,500,1000,3000,3000,800,1000,20000,500,
2017-03-14 14:04:51.960 stock 中天科技, 价格:1147, 总笔数:40 逐笔量：3600,9900,1000,1000,100,4200,6900,5000,2500,2000,500,500,10000,1000,1500,900,4000,1000,1000,2000,100,5000,2000,1000,2000,200,500,100,1000,5500,300,400,200,1000,100,1000,1100,800,300,500,
2017-03-14 14:04:51.960 stock 中天科技, 价格:1148, 总笔数:13 逐笔量：1900,500,1000,500,500,1000,3000,3000,800,1000,20000,500,2000,
2017-03-14 14:04:53.369 stock 中天科技, 价格:1147, 总笔数:41 逐笔量：3600,9900,1000,1000,100,4200,6900,5000,2500,2000,500,500,10000,1000,1500,900,4000,1000,1000,2000,100,5000,2000,1000,2000,200,500,100,1000,5500,300,400,200,1000,100,1000,1100,800,300,500,500,
2017-03-14 14:04:53.370 stock 中天科技, 价格:1148, 总笔数:16 逐笔量：1900,500,1000,500,500,1000,3000,3000,800,1000,20000,500,2000,500,1300,2900,
2017-03-14 14:04:55.302 stock 中天科技, 价格:1147, 总笔数:41 逐笔量：3600,9900,1000,1000,100,4200,6900,5000,2500,2000,500,500,10000,1000,1500,900,4000,1000,1000,2000,100,5000,2000,1000,2000,200,500,100,1000,5500,300,400,200,1000,100,1000,1100,800,300,500,500,
2017-03-14 14:04:55.304 stock 中天科技, 价格:1148, 总笔数:18 逐笔量：1900,500,1000,500,500,1000,3000,3000,800,1000,20000,500,2000,500,1300,2900,800,10000,
2017-03-14 14:04:57.450 stock 中天科技, 价格:1147, 总笔数:41 逐笔量：3600,9900,1000,1000,100,4200,6900,5000,2500,2000,500,500,10000,1000,1500,900,4000,1000,1000,2000,100,5000,2000,1000,2000,200,500,100,1000,5500,300,400,200,1000,100,1000,1100,800,300,500,500,
2017-03-14 14:04:57.450 stock 中天科技, 价格:1148, 总笔数:18 逐笔量：1900,500,1000,500,500,1000,3000,3000,800,1000,20000,500,2000,500,1300,2900,800,10000,
2017-03-14 14:04:59.376 stock 中天科技, 价格:1147, 总笔数:42 逐笔量：500,9900,1000,1000,100,4200,6900,5000,2500,2000,500,500,10000,1000,1500,900,4000,1000,1000,2000,100,5000,2000,1000,2000,200,500,100,1000,5500,300,400,200,1000,100,1000,1100,800,300,500,500,10200,
2017-03-14 14:04:59.376 stock 中天科技, 价格:1148, 总笔数:21 逐笔量：1900,500,1000,500,500,1000,3000,3000,800,1000,20000,500,2000,500,1300,2900,800,10000,500,10000,1500,
