2017-03-14 14:04:36.278 stock 阳光照明, 价格:753, 总笔数:50 逐笔量：4342,8400,20000,1000,2000,1000,1000,2100,300,400,2000,400,2000,3000,1000,500,2200,5800,700,1000,2000,100,500,1300,300,600,10000,1000,2000,1000,6700,2000,800,1000,1000,7700,600,3000,2000,1000,1000,7500,4000,2000,5300,2000,800,2000,100,1000,
2017-03-14 14:04:36.279 stock 阳光照明, 价格:754, 总笔数:7 逐笔量：6677,20000,800,500,800,11000,500,
2017-03-14 14:04:49.748 stock 阳光照明, 价格:753, 总笔数:50 逐笔量：3742,8400,20000,1000,2000,1000,1000,2100,300,400,2000,400,2000,3000,1000,500,2200,5800,700,1000,2000,100,500,1300,300,600,10000,1000,2000,1000,6700,2000,800,1000,1000,7700,600,3000,2000,1000,1000,7500,4000,2000,5300,2000,800,2000,100,1000,
2017-03-14 14:04:49.748 stock 阳光照明, 价格:754, 总笔数:7 逐笔量：6677,20000,800,500,800,11000,500,
2017-03-14 14:04:53.716 stock 阳光照明, 价格:753, 总笔数:50 逐笔量：4142,20000,1000,2000,1000,1000,2100,300,400,2000,400,2000,3000,1000,500,2200,5800,700,1000,2000,100,500,1300,300,600,10000,1000,2000,1000,6700,2000,800,1000,1000,7700,600,3000,2000,1000,1000,7500,4000,2000,5300,2000,800,2000,100,1000,500,
2017-03-14 14:04:53.716 stock 阳光照明, 价格:754, 总笔数:7 逐笔量：6677,20000,800,500,800,11000,500,
2017-03-14 14:04:57.556 stock 阳光照明, 价格:753, 总笔数:50 逐笔量：4142,20000,1000,2000,1000,1000,2100,300,400,2000,400,2000,3000,1000,500,2200,5800,700,1000,2000,100,500,1300,300,600,10000,1000,2000,1000,6700,2000,800,1000,1000,7700,600,3000,2000,1000,1000,7500,4000,2000,5300,2000,800,2000,100,1000,500,
2017-03-14 14:04:57.556 stock 阳光照明, 价格:754, 总笔数:7 逐笔量：4677,20000,800,500,800,11000,500,
2017-03-14 14:04:59.427 stock 阳光照明, 价格:753, 总笔数:50 逐笔量：4142,20000,1000,2000,1000,1000,2100,300,400,2000,400,2000,3000,1000,500,2200,5800,700,1000,2000,100,500,1300,300,600,10000,1000,2000,1000,6700,2000,800,1000,1000,7700,600,3000,2000,1000,1000,7500,4000,2000,5300,2000,800,2000,100,1000,500,
2017-03-14 14:04:59.427 stock 阳光照明, 价格:754, 总笔数:7 逐笔量：4577,20000,800,500,800,11000,500,
