2017-03-14 14:04:36.443 stock 蓝光发展, 价格:946, 总笔数:4 逐笔量：199500,1300,700,100,
2017-03-14 14:04:36.444 stock 蓝光发展, 价格:947, 总笔数:50 逐笔量：2300,300,5600,1000,10000,5000,10000,600,300,3000,5000,100,400,5000,4300,600,500,1100,5000,1000,10000,500,8500,3100,500,2000,10000,3200,10000,1000,1000,1000,800,4000,1900,200,2000,3000,1000,2200,400,2000,700,400,600,800,500,500,7200,600,
2017-03-14 14:04:49.259 stock 蓝光发展, 价格:946, 总笔数:7 逐笔量：199500,1300,700,100,200,500,2300,
2017-03-14 14:04:49.259 stock 蓝光发展, 价格:947, 总笔数:50 逐笔量：2300,300,5600,1000,10000,5000,10000,600,300,3000,5000,100,400,5000,4300,600,500,1100,5000,1000,10000,500,8500,3100,500,2000,10000,3200,10000,1000,1000,1000,800,4000,1900,200,2000,3000,1000,2200,400,2000,700,400,600,800,500,500,7200,600,
2017-03-14 14:04:51.956 stock 蓝光发展, 价格:946, 总笔数:7 逐笔量：199500,1300,700,100,200,500,2300,
2017-03-14 14:04:51.956 stock 蓝光发展, 价格:947, 总笔数:50 逐笔量：3200,1000,10000,5000,10000,600,300,3000,5000,100,400,5000,4300,600,500,1100,5000,1000,10000,500,8500,3100,500,2000,10000,3200,10000,1000,1000,1000,800,4000,1900,200,2000,3000,1000,2200,400,2000,700,400,600,800,500,500,7200,600,700,27700,
2017-03-14 14:04:51.956 stock 蓝光发展, 价格:946, 总笔数:8 逐笔量：180000,1300,700,100,200,500,2300,1000,
2017-03-14 14:04:51.957 stock 蓝光发展, 价格:947, 总笔数:50 逐笔量：3200,1000,10000,5000,10000,600,300,3000,5000,100,400,5000,4300,600,500,1100,5000,1000,10000,500,8500,3100,500,2000,10000,3200,10000,1000,1000,1000,800,4000,1900,200,2000,3000,1000,2200,400,2000,700,400,600,800,500,500,7200,600,700,27700,
2017-03-14 14:04:53.364 stock 蓝光发展, 价格:946, 总笔数:8 逐笔量：180000,1300,700,100,200,500,2300,1000,
2017-03-14 14:04:53.364 stock 蓝光发展, 价格:947, 总笔数:50 逐笔量：8200,5000,10000,600,300,3000,5000,100,400,5000,4300,600,500,1100,5000,1000,10000,500,8500,3100,500,2000,10000,3200,10000,1000,1000,1000,800,4000,1900,200,2000,3000,1000,2200,400,2000,700,400,600,800,500,500,7200,600,700,27700,2100,5000,
2017-03-14 14:04:53.364 stock 蓝光发展, 价格:946, 总笔数:9 逐笔量：169000,1300,700,100,200,500,2300,1000,1000,
2017-03-14 14:04:53.365 stock 蓝光发展, 价格:947, 总笔数:50 逐笔量：8200,5000,10000,600,300,3000,5000,100,400,5000,4300,600,500,1100,5000,1000,10000,500,8500,3100,500,2000,10000,3200,10000,1000,1000,1000,800,4000,1900,200,2000,3000,1000,2200,400,2000,700,400,600,800,500,500,7200,600,700,27700,2100,5000,
2017-03-14 14:04:55.299 stock 蓝光发展, 价格:946, 总笔数:10 逐笔量：169000,1300,700,100,200,500,2300,1000,1000,200,
2017-03-14 14:04:55.299 stock 蓝光发展, 价格:947, 总笔数:50 逐笔量：3300,5000,10000,600,300,3000,5000,100,400,5000,4300,600,500,1100,5000,1000,10000,500,8500,3100,500,2000,10000,3200,10000,1000,1000,1000,800,4000,1900,200,2000,3000,1000,2200,400,2000,700,400,600,800,500,500,7200,600,700,27700,2100,5000,
2017-03-14 14:04:57.433 stock 蓝光发展, 价格:946, 总笔数:11 逐笔量：164000,1300,700,100,200,500,2300,1000,1000,200,200,
2017-03-14 14:04:57.434 stock 蓝光发展, 价格:947, 总笔数:50 逐笔量：3300,5000,10000,600,300,3000,5000,100,400,5000,4300,600,500,1100,5000,1000,10000,500,8500,3100,500,2000,10000,3200,10000,1000,1000,1000,800,4000,1900,200,2000,3000,1000,2200,400,2000,700,400,600,800,500,500,7200,600,700,27700,2100,5000,
2017-03-14 14:04:59.373 stock 蓝光发展, 价格:946, 总笔数:11 逐笔量：133900,1300,700,100,200,500,2300,1000,1000,200,200,
2017-03-14 14:04:59.373 stock 蓝光发展, 价格:947, 总笔数:50 逐笔量：3200,5000,10000,600,300,3000,5000,100,400,5000,4300,600,500,1100,5000,1000,10000,500,8500,3100,500,2000,10000,3200,10000,1000,1000,1000,800,4000,1900,200,2000,3000,1000,2200,400,2000,700,400,600,800,500,500,7200,600,700,27700,2100,5000,
