2017-03-14 14:04:36.126 stock 铁龙物流, 价格:975, 总笔数:50 逐笔量：160,2600,1000,10000,600,2900,500,300,1000,3800,300,200,500,800,10300,500,600,1000,1000,300,900,2000,2000,5000,1000,2500,1100,3700,10800,5000,500,1200,600,300,600,400,1000,400,1000,700,1100,1100,12200,500,500,1500,1000,1000,1000,1000,
2017-03-14 14:04:36.127 stock 铁龙物流, 价格:976, 总笔数:1 逐笔量：7000,
2017-03-14 14:04:49.639 stock 铁龙物流, 价格:975, 总笔数:50 逐笔量：160,2600,1000,10000,600,2900,500,300,1000,3800,300,200,500,800,10300,500,600,1000,1000,300,900,2000,2000,5000,1000,2500,1100,3700,10800,5000,500,1200,600,300,600,400,1000,400,1000,700,1100,1100,12200,500,500,1500,1000,1000,1000,1000,
2017-03-14 14:04:49.640 stock 铁龙物流, 价格:976, 总笔数:1 逐笔量：7000,
2017-03-14 14:04:51.798 stock 铁龙物流, 价格:975, 总笔数:50 逐笔量：160,2600,1000,10000,600,2900,500,300,1000,3800,300,200,500,800,10300,500,600,1000,1000,300,900,2000,2000,5000,1000,2500,1100,3700,10800,5000,500,1200,600,300,600,400,1000,400,1000,700,1100,1100,12200,500,500,1500,1000,1000,1000,1000,
2017-03-14 14:04:51.798 stock 铁龙物流, 价格:976, 总笔数:1 逐笔量：7000,
2017-03-14 14:04:53.586 stock 铁龙物流, 价格:975, 总笔数:50 逐笔量：160,2600,1000,10000,600,2900,500,300,1000,3800,300,200,500,800,10300,500,600,1000,300,900,2000,2000,5000,1000,2500,1100,3700,10800,5000,500,1200,600,300,600,400,1000,400,1000,700,1100,1100,12200,500,500,1500,1000,1000,1000,1000,1000,
2017-03-14 14:04:53.586 stock 铁龙物流, 价格:976, 总笔数:1 逐笔量：7000,
2017-03-14 14:04:55.336 stock 铁龙物流, 价格:975, 总笔数:50 逐笔量：160,2600,1000,10000,600,2900,500,300,1000,3800,300,200,500,800,10300,500,600,1000,300,900,2000,2000,5000,1000,2500,1100,3700,10800,5000,500,1200,600,300,600,400,1000,400,1000,700,1100,1100,12200,500,500,1500,1000,1000,1000,1000,1000,
2017-03-14 14:04:55.337 stock 铁龙物流, 价格:976, 总笔数:1 逐笔量：6800,
2017-03-14 14:04:57.098 stock 铁龙物流, 价格:975, 总笔数:50 逐笔量：160,2600,1000,10000,600,2900,500,300,1000,3800,300,200,500,800,10300,500,600,1000,300,900,2000,2000,5000,1000,2500,1100,3700,10800,5000,500,1200,600,300,600,400,1000,400,1000,700,1100,1100,12200,500,500,1500,1000,1000,1000,1000,1000,
2017-03-14 14:04:57.098 stock 铁龙物流, 价格:976, 总笔数:1 逐笔量：5100,
2017-03-14 14:04:59.259 stock 铁龙物流, 价格:975, 总笔数:50 逐笔量：160,2600,1000,10000,600,2900,500,300,1000,3800,300,200,500,800,10300,500,600,1000,300,900,2000,2000,5000,1000,2500,1100,3700,10800,5000,500,1200,600,300,600,400,1000,400,1000,700,1100,1100,12200,500,500,1500,1000,1000,1000,1000,1000,
2017-03-14 14:04:59.259 stock 铁龙物流, 价格:976, 总笔数:1 逐笔量：5100,
