2017-03-14 14:04:36.428 stock 中远海特, 价格:686, 总笔数:50 逐笔量：65459,1500,10000,16000,200,100,300,300,1700,900,2000,1000,1500,3300,1000,1000,100,200,2000,200,2000,1200,500,400,1000,2000,1000,1000,1500,500,3500,1000,2300,8800,300,2200,7000,900,100,2000,10000,500,10000,500,300,2000,200,4400,500,1100,
2017-03-14 14:04:36.428 stock 中远海特, 价格:687, 总笔数:2 逐笔量：344367,2000,
2017-03-14 14:04:49.776 stock 中远海特, 价格:686, 总笔数:50 逐笔量：65459,1500,10000,16000,200,100,300,300,1700,900,2000,1000,1500,3300,1000,1000,100,200,2000,200,2000,1200,500,400,1000,2000,1000,1000,1500,500,3500,1000,2300,8800,300,2200,7000,900,100,2000,10000,500,10000,500,300,2000,200,4400,500,1100,
2017-03-14 14:04:49.776 stock 中远海特, 价格:687, 总笔数:2 逐笔量：344367,2000,
2017-03-14 14:04:52.033 stock 中远海特, 价格:686, 总笔数:50 逐笔量：65459,1500,10000,16000,200,100,300,300,1700,900,2000,1000,1500,3300,1000,1000,100,200,2000,200,2000,1200,500,400,1000,2000,1000,1000,1500,500,3500,1000,2300,8800,300,2200,7000,900,100,2000,10000,500,10000,500,300,2000,200,4400,500,1100,
2017-03-14 14:04:52.033 stock 中远海特, 价格:687, 总笔数:2 逐笔量：343467,2000,
2017-03-14 14:04:55.813 stock 中远海特, 价格:686, 总笔数:50 逐笔量：65459,1500,10000,16000,200,100,300,300,1700,900,2000,1000,1500,3300,1000,1000,100,200,2000,200,2000,1200,500,400,1000,2000,1000,1000,1500,500,3500,1000,2300,8800,300,2200,7000,900,100,2000,10000,500,10000,500,300,2000,200,500,1100,100,
2017-03-14 14:04:55.813 stock 中远海特, 价格:687, 总笔数:3 逐笔量：343367,2000,3200,
2017-03-14 14:04:57.578 stock 中远海特, 价格:686, 总笔数:50 逐笔量：65459,1500,10000,16000,200,100,300,300,1700,900,2000,1000,1500,3300,1000,1000,100,200,2000,200,2000,1200,500,400,1000,2000,1000,1000,1500,500,3500,1000,2300,8800,300,2200,7000,900,100,2000,10000,500,10000,500,300,2000,200,500,1100,100,
2017-03-14 14:04:57.579 stock 中远海特, 价格:687, 总笔数:3 逐笔量：343367,2000,3200,
2017-03-14 14:04:59.449 stock 中远海特, 价格:686, 总笔数:50 逐笔量：65459,1500,10000,16000,200,100,300,300,1700,900,2000,1000,1500,3300,1000,1000,100,200,2000,200,2000,1200,500,400,1000,2000,1000,1000,1500,500,3500,1000,2300,8800,300,2200,7000,900,100,2000,10000,500,10000,500,300,2000,200,500,1100,100,
2017-03-14 14:04:59.449 stock 中远海特, 价格:687, 总笔数:4 逐笔量：343367,2000,3200,5000,
