2017-03-14 14:04:36.058 stock 中葡股份, 价格:1195, 总笔数:50 逐笔量：4200,2000,1000,800,500,1300,300,1600,10000,400,5000,700,1000,300,500,1000,1000,3000,600,100,200,200,1000,3000,500,1400,1000,1000,500,5200,100,600,500,100,2000,1000,500,500,2500,700,800,500,2500,200,600,500,300,700,200,1000,
2017-03-14 14:04:36.058 stock 中葡股份, 价格:1196, 总笔数:3 逐笔量：2200,1000,4000,
2017-03-14 14:04:49.382 stock 中葡股份, 价格:1195, 总笔数:48 逐笔量：9800,400,5000,700,1000,300,500,1000,1000,3000,600,100,200,200,1000,3000,500,1400,1000,1000,500,5200,100,600,500,100,2000,1000,500,500,2500,700,800,500,2500,200,600,500,300,700,200,1000,1000,500,200,500,1000,700,
2017-03-14 14:04:49.383 stock 中葡股份, 价格:1196, 总笔数:3 逐笔量：2200,4000,1000,
2017-03-14 14:04:51.294 stock 中葡股份, 价格:1195, 总笔数:40 逐笔量：2700,600,100,200,200,1000,3000,1400,1000,1000,500,5200,100,600,500,100,2000,1000,500,500,2500,700,800,500,2500,200,600,500,300,700,200,1000,1000,500,200,500,1000,700,6900,1000,
2017-03-14 14:04:51.294 stock 中葡股份, 价格:1196, 总笔数:4 逐笔量：2200,4000,1000,700,
2017-03-14 14:04:53.415 stock 中葡股份, 价格:1195, 总笔数:34 逐笔量：2200,1400,1000,1000,500,5200,100,600,500,100,2000,1000,500,500,2500,700,800,500,2500,200,600,500,300,700,200,1000,1000,200,500,1000,700,6900,1000,1000,
2017-03-14 14:04:53.415 stock 中葡股份, 价格:1196, 总笔数:4 逐笔量：2000,4000,1000,700,
2017-03-14 14:04:55.439 stock 中葡股份, 价格:1195, 总笔数:37 逐笔量：1600,1400,1000,1000,500,5200,100,600,500,100,2000,1000,500,500,2500,700,800,500,2500,200,600,500,300,700,200,1000,1000,200,500,1000,700,6900,1000,1000,200,800,500,
2017-03-14 14:04:55.439 stock 中葡股份, 价格:1196, 总笔数:5 逐笔量：2000,4000,1000,700,1100,
2017-03-14 14:04:57.230 stock 中葡股份, 价格:1195, 总笔数:34 逐笔量：700,500,5200,100,600,500,100,2000,1000,500,500,2500,700,800,500,2500,200,600,500,300,700,200,1000,1000,200,500,1000,700,6900,1000,1000,200,800,500,
2017-03-14 14:04:57.230 stock 中葡股份, 价格:1196, 总笔数:7 逐笔量：2000,4000,1000,700,1100,1000,1300,
2017-03-14 14:04:59.193 stock 中葡股份, 价格:1196, 总笔数:2 逐笔量：4000,100,
2017-03-14 14:04:59.193 stock 中葡股份, 价格:1197, 总笔数:6 逐笔量：7700,600,800,13900,15000,3600,
