2017-03-14 14:04:36.471 stock 腾达建设, 价格:553, 总笔数:50 逐笔量：10632,1000,5300,11000,1500,7500,3900,500,300,5000,1900,10000,400,3000,5000,20000,500,700,5800,400,10000,14200,600,3000,10000,2000,14700,1800,30000,1000,100,33600,33600,16800,200,5000,11300,800,8000,7900,10500,1000,1000,400,5000,3000,2200,1000,18500,2000,
2017-03-14 14:04:36.472 stock 腾达建设, 价格:554, 总笔数:11 逐笔量：40301,79400,2500,1000,1500,16600,1700,5000,300,2000,1000,
2017-03-14 14:04:49.348 stock 腾达建设, 价格:553, 总笔数:50 逐笔量：10632,1000,5300,11000,1500,7500,3900,500,300,5000,1900,10000,400,3000,5000,20000,500,700,5800,400,10000,14200,600,3000,10000,2000,14700,1800,30000,1000,100,33600,33600,16800,200,5000,11300,800,8000,7900,10500,1000,1000,400,5000,3000,2200,1000,18500,2000,
2017-03-14 14:04:49.348 stock 腾达建设, 价格:554, 总笔数:12 逐笔量：40301,79400,2500,1000,1500,16600,1700,5000,300,2000,1000,400,
2017-03-14 14:04:51.701 stock 腾达建设, 价格:553, 总笔数:50 逐笔量：10632,1000,5300,11000,1500,7500,3900,500,300,5000,1900,10000,400,3000,5000,20000,500,700,5800,400,10000,14200,600,3000,10000,2000,14700,1800,30000,1000,100,33600,33600,16800,200,5000,11300,800,8000,7900,10500,1000,1000,400,5000,3000,2200,1000,18500,2000,
2017-03-14 14:04:51.701 stock 腾达建设, 价格:554, 总笔数:12 逐笔量：40301,79400,2500,1000,1500,16600,1700,5000,300,2000,1000,400,
2017-03-14 14:04:51.703 stock 腾达建设, 价格:553, 总笔数:50 逐笔量：10632,1000,5300,11000,1500,7500,3900,500,300,5000,1900,10000,400,3000,5000,20000,500,700,5800,400,10000,14200,600,3000,10000,2000,14700,1800,30000,1000,100,33600,33600,16800,200,5000,11300,800,8000,7900,10500,1000,1000,400,5000,3000,2200,1000,18500,2000,
2017-03-14 14:04:51.703 stock 腾达建设, 价格:554, 总笔数:12 逐笔量：40301,79400,2500,1000,1500,16600,1700,5000,300,2000,1000,400,
2017-03-14 14:04:53.295 stock 腾达建设, 价格:553, 总笔数:50 逐笔量：10632,1000,5300,11000,1500,7500,3900,500,300,5000,1900,10000,400,3000,5000,20000,500,700,5800,400,10000,14200,600,3000,10000,2000,14700,1800,30000,1000,100,33600,33600,16800,200,5000,11300,800,8000,7900,10500,1000,1000,400,5000,3000,2200,1000,18500,2000,
2017-03-14 14:04:53.295 stock 腾达建设, 价格:554, 总笔数:12 逐笔量：40301,79400,2500,1000,1500,16600,1700,5000,300,2000,1000,400,
2017-03-14 14:04:55.212 stock 腾达建设, 价格:553, 总笔数:50 逐笔量：10632,1000,5300,11000,1500,7500,3900,500,300,5000,1900,10000,400,3000,5000,20000,500,700,5800,400,10000,14200,600,3000,10000,2000,14700,1800,30000,1000,100,33600,33600,16800,200,5000,11300,800,8000,7900,10500,1000,1000,400,5000,2200,1000,18500,2000,3500,
2017-03-14 14:04:55.212 stock 腾达建设, 价格:554, 总笔数:12 逐笔量：40301,79400,2500,1000,1500,16600,1700,5000,300,2000,1000,400,
2017-03-14 14:04:59.167 stock 腾达建设, 价格:553, 总笔数:50 逐笔量：10632,1000,5300,11000,1500,7500,3900,500,300,5000,1900,10000,400,3000,5000,20000,500,700,5800,400,10000,14200,600,3000,10000,2000,14700,1800,30000,1000,100,33600,33600,16800,200,5000,11300,800,8000,7900,10500,1000,1000,400,5000,2200,1000,18500,2000,3500,
2017-03-14 14:04:59.167 stock 腾达建设, 价格:554, 总笔数:14 逐笔量：40301,79400,2500,1000,1500,16600,1700,5000,300,2000,1000,400,1800,100,
