2017-03-14 14:04:36.353 stock 西南证券, 价格:686, 总笔数:50 逐笔量：4200,1000,1000,2400,1000,3000,10000,1500,5000,1900,3200,1000,16000,5000,1000,1500,4000,50000,5000,2000,2500,1000,1000,2000,2000,800,1000,11900,700,10000,100,600,300,5000,3000,5800,300,100,2000,500,1000,10000,500,1900,500,1000,500,1000,2600,2000,
2017-03-14 14:04:36.353 stock 西南证券, 价格:687, 总笔数:4 逐笔量：1500,2300,50000,400,
2017-03-14 14:04:49.768 stock 西南证券, 价格:686, 总笔数:50 逐笔量：4200,1000,1000,2400,1000,3000,10000,1500,5000,1900,3200,1000,16000,5000,1000,1500,4000,50000,5000,2000,2500,1000,1000,2000,2000,800,1000,11900,700,10000,100,600,300,5000,3000,5800,300,100,2000,500,1000,10000,500,1900,500,1000,500,1000,2600,2000,
2017-03-14 14:04:49.768 stock 西南证券, 价格:687, 总笔数:2 逐笔量：47700,400,
2017-03-14 14:04:52.030 stock 西南证券, 价格:686, 总笔数:50 逐笔量：4200,1000,1000,2400,1000,3000,10000,1500,5000,1900,3200,1000,16000,5000,1000,1500,4000,50000,5000,2000,2500,1000,1000,2000,2000,800,1000,11900,700,10000,100,600,300,5000,3000,5800,300,100,2000,500,1000,10000,500,1900,500,1000,500,1000,2600,2000,
2017-03-14 14:04:52.030 stock 西南证券, 价格:687, 总笔数:2 逐笔量：47700,400,
2017-03-14 14:04:53.719 stock 西南证券, 价格:686, 总笔数:50 逐笔量：4200,1000,1000,2400,1000,3000,10000,1500,5000,1900,3200,1000,16000,5000,1000,1500,4000,50000,5000,2000,2500,1000,1000,2000,2000,800,1000,11900,700,10000,100,600,300,5000,3000,5800,300,100,2000,500,1000,10000,500,1900,500,1000,500,1000,2600,2000,
2017-03-14 14:04:53.720 stock 西南证券, 价格:687, 总笔数:2 逐笔量：43700,400,
2017-03-14 14:04:55.789 stock 西南证券, 价格:686, 总笔数:50 逐笔量：4200,1000,1000,2400,1000,3000,10000,1500,5000,1900,3200,1000,16000,5000,1000,1500,4000,50000,5000,2000,2500,1000,1000,2000,2000,800,1000,11900,700,10000,100,600,300,5000,3000,5800,300,100,2000,500,1000,10000,500,1900,500,1000,500,1000,2600,2000,
2017-03-14 14:04:55.790 stock 西南证券, 价格:687, 总笔数:2 逐笔量：41700,400,
2017-03-14 14:04:57.573 stock 西南证券, 价格:686, 总笔数:50 逐笔量：4200,1000,1000,2400,1000,3000,10000,1500,5000,1900,3200,1000,16000,5000,1000,1500,4000,50000,5000,2000,2500,1000,1000,2000,2000,800,1000,11900,700,10000,100,600,300,5000,3000,5800,300,100,2000,500,1000,10000,500,1900,500,1000,500,1000,2600,2000,
2017-03-14 14:04:57.573 stock 西南证券, 价格:687, 总笔数:4 逐笔量：41700,400,800,200,
2017-03-14 14:04:59.431 stock 西南证券, 价格:686, 总笔数:50 逐笔量：4200,1000,1000,2400,1000,3000,10000,1500,5000,1900,3200,1000,16000,5000,1000,1500,4000,50000,5000,2000,2500,1000,1000,2000,2000,800,1000,11900,700,10000,100,600,300,5000,3000,5800,300,100,2000,500,1000,10000,500,1900,500,1000,500,1000,2600,2000,
2017-03-14 14:04:59.431 stock 西南证券, 价格:687, 总笔数:5 逐笔量：37300,400,800,200,7100,
